5392467 4473921 5656397 4410953 1
5263184 5263184 5522770 23114 1
5522770 5656397 5656397 5656397 2
5656397 4473921 5522770 5263182 4
5262659 5918282 5262659 19530 1
4277580 4277580 4347219 5262659 6
5656397 5262666 5656397 5262659 2
5262659 387995094339 5262659 5918282 1
4347219 4347219 5656397 5656397 1
5525065 5525065 5262666 5263182 1
5656397 4347219 4277580 5262659 5
4277580 1515472211 5656397 21071 1
4277580 1280065859 5262659 5918282 6
5656397 1414743380 99292501986627 5656397 1
1414743380 23114 379472727885 4476481 1
75146145976141 4473921 5656397 5262659 1
5262659 4540234 5656397 5656397 1
5656397 379472727885 1280065859 5262659 1
4347219 5656397 4473921 4473921 1
5918282 5394264 5656397 4277580 1
1515472211 5656397 4473921 5263184 1
5263182 4473921 5262666 5263182 2
1414743380 23114 5656397 5656397 8
23114 4277580 4277580 1280065859 1
4347219 5656397 5656397 5262666 2
4277580 5656397 379472727885 379472727885 6
5262659 5918282 379355287373 379355287373 1
5394264 5656397 379472727885 5656397 1
379472727885 4473921 4473921 5262659 1
4277580 4277580 4277580 4277580 5
1262702412 4473921 23114 5656397 1
4410953 4473921 5262659 18250 1
4473921 4410953 5262666 5656397 1
5262666 5656397 1280065859 1414743380 1
5262666 5263182 5263182 5263182 47
20298 16964 4473921 4473921 1
5656397 1280065859 5656397 5656397 137
5656397 4277580 23114 4277580 6
4277580 5656397 4277580 4277580 2
5392467 4476481 5656397 5262659 1
4541514 5656397 5656397 5394264 1
23114 5656397 5262659 4277580 1
1280065859 5262659 5918282 1280065859 8
5656397 5656397 5656397 387861202259 1
5394264 1280065859 5262666 5262659 1
23114 5656397 5656397 4277580 6
5656397 1280065859 5656397 1414743380 28
5656397 5390675 5656397 1280065859 2
4408644 5262659 4541514 4277580 1
19530 4277580 4277580 4277580 8
5262659 5656397 4540234 5656397 2
4347219 23114 4277580 4347219 1
1414743380 5918282 5262659 23114 3
5656397 1280065859 1414743380 23114 12
4347219 5262659 23114 4277580 1
1195918168 5262659 23114 4277580 1
5262659 4538954 5262659 5656397 1
1280065859 5394264 4277580 5656397 3
5656397 5394264 1280065859 4473921 5
1280065859 1280065859 5262659 5918282 1
5656397 1280065859 1280065859 4277580 1
379472727885 1280065859 1414743380 5918282 1
5656397 5394264 1280065859 5262666 2
5656397 99292501986627 5262659 23114 1
5262666 1280065859 5656397 4277580 1
5262659 1515472211 5656397 4473921 1
5262659 19530 5262659 4538698 1
21071 4277580 5656397 5656397 1
5262666 1280065859 5263182 5262666 1
4476481 4473921 5656397 5390675 2
1280065859 5656397 75146145976141 5394264 2
5656397 1280065859 4476481 5656397 4
23114 5656397 5656397 5262659 2
23114 4347219 23114 4347219 21
23114 5656397 4277580 4277580 3
5263182 5394264 5522770 5263182 1
4277580 4473921 5656397 1280065859 1
21071 5656397 4277580 5656397 2
4347219 4277580 5918282 5656397 1
5918282 5656397 5262659 4541514 1
4473921 5918282 5394264 5656397 1
5656397 4540234 5656397 1280065859 2
5262666 5656397 5262666 4347219 2
5262659 75146145976141 4277580 18250 1
5656397 5262659 1515472211 5656397 1
5262659 5656397 19530 4277580 8
4347219 5918282 5262666 4473921 1
387995094339 5262666 5656397 1280065859 4
5394264 1280065859 5394264 1280065859 2
5262659 19530 379472727885 5656397 1
5263182 5263182 5656397 4347219 1
99292501986627 5656397 5656397 5394264 1
5262659 4541514 4277580 4277580 2
1280065859 4277580 1280065859 5262659 2
19530 1162953795 4277580 5262666 1
4538954 5262659 5262666 4277580 1
1280065859 5262666 5392467 5262659 1
5262666 5525326 5656397 5262666 1
5656397 5656397 4476481 1414743380 1
5262666 5394264 1280065859 5262666 1
5522770 5656397 4277580 5656397 2
5262666 5262659 23114 75146145976141 1
5262666 5394264 5262659 4538954 1
1414743380 23114 5394264 5656397 1
5394264 5656397 5656397 5262659 6
5656397 5262666 4277580 5262659 1
21071 5656397 1280065859 5656397 1
5262659 5918282 4408644 4410953 1
5656397 21071 5656397 4277580 2
4473921 5656397 75146145976141 4473921 1
5263184 5263184 5263184 5522770 23
1280065859 5656397 1414743380 5918282 4
1280065859 1414743380 23114 4476481 2
5656397 19530 5656397 5394264 1
4473921 4473921 4473921 19530 1
5263182 5262666 5656397 4277580 3
21071 5656397 5656397 1414743380 1
5394264 5394264 1280065859 5656397 2
5262666 5656397 4277580 4277580 7
5522770 5394264 1280065859 5262666 2
5656397 5656397 4347219 4277580 6
1280065859 5394264 5394264 5656397 7
23114 75146145976141 4410953 4473921 1
5918282 5262659 4540234 5656397 1
23114 5262659 23114 5394264 4
1414743380 5918282 5461058 4277580 1
5656397 1213420880 4347219 4476481 2
4277580 1280065859 5656397 4277580 8
23114 5394264 5262666 5656397 3
5394264 1280065859 1414743380 5918282 1
1213420880 1213420880 1213420880 4347219 22
4277580 5262659 5918282 5656397 1
4347219 1280065859 4473921 5262666 1
5262659 23114 1280065859 5394264 1
5262666 5656397 5656397 4473921 2
16970 5656397 5656397 4473921 1
5262666 5656397 5656397 1280065859 9
1280065859 5262659 5918282 1414743380 2
5394264 5262666 4473921 5656397 1
99292501986627 5656397 1280065859 5656397 2
5394264 1280065859 4277580 1280065859 3
4473921 5262659 16970 5394264 1
5656397 1414743380 23114 4277580 7
5918282 5522770 5263182 5263182 1
21071 4277580 4277580 5325891 1
5394264 5262666 4347219 5262666 1
4277580 1414743380 23114 5656397 1
4408644 5656397 4408644 4473921 1
5656397 4347219 23114 4347219 5
5656397 4473921 5656397 5656397 6
1414743380 1515472211 5656397 5656397 1
5918282 5262666 379472727885 4277580 1
5918282 75146145976141 4277580 4473921 1
5262659 5918282 4473921 5262666 6
4347219 1280065859 5656397 5656397 2
1213420880 1213420880 1213420880 1213420880 44
1280065859 5656397 5394264 75146145976141 1
1280065859 5394264 5262659 5918282 3
5262666 4277580 5262659 23114 2
357930323267 5656397 5656397 1280065859 1
5656397 5394264 5262666 5262666 1
4347219 23114 5656397 5262659 1
23114 5262659 16714 4410953 1
5656397 5263184 5263184 5263184 6
4277580 387995094339 5262659 5656397 1
5918282 4277580 5656397 4277580 1
5525326 4476481 5262666 5394264 1
5656397 4473921 5656397 5262666 4
5656397 1414743380 5918282 5461058 1
1280065859 5656397 5262666 5262659 3
5656397 5262659 5918282 5656397 31
5262659 4541514 5656397 1280065859 1
4342355 4342355 4473921 4473921 1
5262666 5263182 5262659 5918282 1
4277580 4277580 1280065859 5656397 9
5656397 4277580 5262659 5918282 1
99292501986627 5656397 5394264 4277580 1
5656397 1414743380 5918282 1280065859 1
5263184 5522770 4277580 5656397 1
5522770 75146145976141 4473921 5394264 1
5263184 5522770 5263182 1213420880 1
5262659 5918282 4277580 5656397 3
5918282 5656397 1280065859 5394264 1
5262666 5656397 5656397 5394264 4
4476481 5656397 5262659 387995094339 2
23114 5262659 16970 5656397 6
5394264 5262666 5394264 5262659 2
5262659 5918282 5394264 4277580 1
5394264 5656397 5394264 4277580 1
5263182 5263182 5656397 5394264 1
5262659 306390715715 5656397 5656397 1
306390715715 5656397 4347219 5656397 1
5262659 5918282 5262659 387861202259 1
379472727885 5394264 5656397 5656397 3
5262659 5918282 5262666 4473921 1
5656397 1280065859 5262666 5394264 1
75146145976141 4277580 4277580 5394264 1
5262659 4538954 5262659 5918282 1
1280065859 5656397 4277580 1195918168 1
5656397 5656397 1280065859 21071 2
23114 5656397 1280065859 5394264 1
5262659 5262666 4277580 1280065859 1
5262659 16970 4410953 4473921 1
4277580 5656397 5656397 99292501986627 1
5262666 5392467 5262659 23114 1
5262659 5918282 75146145976141 5262659 1
1280065859 4277580 4670798 5656397 1
5263184 5263184 5522770 4347219 1
4473921 4277580 5262659 23114 2
1280065859 5262666 5656397 4277580 4
5262659 19530 4277580 4277580 9
4277580 5656397 5656397 5262659 2
5394264 5394264 5656397 5262666 1
1280065859 5262659 5918282 5262666 2
5263182 5262666 5656397 5262666 2
5656397 4277580 4277580 5262666 1
23114 5262666 1414743380 379472727885 1
5656397 4347219 5262666 5656397 1
23114 4277580 4277580 4347219 6
1414743380 357930323267 5656397 5656397 1
5656397 4277580 4277580 5656397 27
5262659 23114 379472727885 5262659 32
5263182 5263182 4347219 5656397 7
5394264 1280065859 5262659 19530 1
1280065859 5394264 5656397 5262659 6
5262666 1414743380 23114 5394264 1
4473921 4670798 5656397 5656397 1
4473921 5656397 5656397 4277580 3
5262659 19530 1162953795 4277580 2
5656397 5656397 5262659 4540234 2
4541514 4277580 4277580 5656397 2
5262666 5656397 5656397 5262659 4
5656397 1280065859 5262659 4538954 1
1280065859 5262659 4540234 5262659 1
1280065859 5656397 4347219 4410953 1
23114 5262659 5918282 4473921 5
4347219 4277580 23114 4347219 1
5262659 4277580 5656397 387995094339 2
5262666 5656397 4473921 5656397 1
5656397 5262666 21071 1280065859 1
4473921 21322 4473921 4541514 1
4473921 5262666 4473921 5262659 1
5394264 5394264 1262702412 5918282 1
5394264 1280065859 5656397 4277580 3
5656397 5394264 5262666 4277580 1
4999251 5394264 5656397 4473921 2
21322 5656397 5656397 4277580 3
5394264 5656397 5656397 4473921 1
1280065859 5262659 19530 1162953795 1
5262659 4541514 75146145976141 5394264 1
1280065859 5262666 4277580 5262659 1
4538954 5656397 5262659 5918282 1
5262666 1280065859 5656397 5262659 3
1280065859 75146145976141 5656397 5394264 1
5656397 4410953 5656397 5262666 1
1414743380 23114 379472727885 1280065859 1
5656397 1280065859 5656397 4347219 2
5262659 23114 4277580 5656397 15
5262666 5394264 1280065859 5394264 1
5918282 1280065859 379472727885 1280065859 1
4473921 5262666 5394264 4277580 1
1280065859 5656397 5394264 5656397 21
5262659 5918282 379472727885 5262659 1
5522770 21071 4277580 5656397 1
5262659 23114 5262659 4538698 6
4277580 5262659 23114 4473921 6
23114 4347219 5918282 5656397 1
4476481 5656397 5522770 21071 1
5001042 1414743380 5918282 5522770 1
5262666 4473921 5262659 23114 3
5392467 4408644 5656397 5656397 1
1280658761 4347219 5390675 5656397 1
4473921 4277580 1280065859 4277580 2
5262666 5656397 5656397 4277580 4
99292501986627 5656397 5394264 5656397 1
5262666 5656397 4473921 5263184 1
5656397 1280065859 4473921 5263184 1
23114 5656397 4277580 5656397 18
379472727885 1280065859 379472727885 4473921 1
5263182 5263182 5263182 4342355 1
5262666 5262666 5656397 5262659 1
5656397 4277580 4670798 5656397 1
5262666 5656397 5656397 5656397 34
5656397 1280065859 4410953 4473921 2
4347219 23114 4347219 5918282 1
23114 5262666 1280065859 5262666 1
5262659 23114 5394264 5656397 7
23114 75146145976141 4277580 4473921 1
16970 5656397 4473921 5262659 1
4277580 4277580 5394264 5394264 1
4476481 4473921 1280065859 5262659 1
4277580 4277580 99292501986627 5656397 1
5918282 4277580 4277580 1280065859 1
5656397 1280065859 1162953795 5262666 1
1213420880 1213420880 4347219 5394264 4
5263182 5263182 5263182 4473921 2
1213420880 4347219 4277580 4277580 1
4277580 1280065859 5263182 5656397 1
5522770 5262659 4277580 4277580 1
5656397 5656397 4277580 5656397 51
5656397 5262666 5461058 4277580 1
5656397 5262659 23114 5262666 2
387995094339 5656397 5525326 5656397 1
5918282 379472727885 5262659 23114 1
99292501986627 1280065859 5656397 1280065859 1
1515472211 5522770 5263182 5263182 1
4473921 4473921 5656397 5262659 2
16964 4473921 4473921 4473921 1
5262666 5656397 5262666 5656397 14
23114 5656397 4347219 23114 1
5656397 5262666 5525326 5656397 1
5262659 306390715715 4347219 5656397 1
21322 4473921 4541514 4473921 1
1280065859 5656397 4277580 5656397 22
5656397 5656397 387861202259 1280065859 1
5656397 5262666 5656397 1280065859 10
99292501986627 1280065859 5656397 1414743380 2
5262666 4476481 5656397 5522770 1
1280065859 1280065859 5262666 5262659 1
1280065859 4277580 4473921 4277580 1
5656397 5262666 5656397 4473921 3
4277580 4277580 5262666 5262659 1
4473921 5263184 5262666 5263182 2
4277580 5394264 5394264 5656397 9
5262666 5394264 4277580 4277580 2
5394264 5656397 1280065859 4277580 8
4277580 5656397 1280065859 1414743380 6
5263182 5262666 4277580 1280065859 1
5656397 1414743380 91595920592195 5656397 1
5656397 19530 5656397 4277580 6
23114 5656397 5394264 5394264 6
23114 5262659 5656397 4541514 1
5656397 5656397 5656397 4473921 22
5525065 5262666 5263182 5263182 1
5263184 5522770 5656397 4277580 2
4277580 1280065859 4473921 5656397 2
4473921 1280065859 5263182 5262666 1
1414743380 5918282 4473921 5918282 1
1414743380 21322 5394264 4277580 1
1398035791 1398035791 23114 20298 1
5263184 5522770 5263182 5263182 44
1280065859 5262659 4540234 4473921 1
23114 5262666 5263182 5263182 1
5656397 5262659 5918282 4347219 2
1280065859 21071 5656397 5262659 1
4670798 4277580 4277580 4342355 1
23114 5656397 1280065859 4277580 1
5918282 5262666 5656397 4277580 2
1280065859 5394264 21570 5656397 1
5918282 1280065859 5656397 5262659 2
5918282 379472727885 5656397 5262659 1
4473921 1398035791 1398035791 23114 1
4347219 5656397 4277580 5262659 8
5656397 5656397 23114 4347219 2
1213420880 4347219 4347219 5656397 2
5656397 1280065859 5656397 75146145976141 3
4347219 4410953 1414743380 5918282 1
5918282 4476481 5656397 5394264 1
4670798 4342355 4476481 4473921 1
5656397 4347219 4277580 5656397 1
5263182 1213420880 4347219 5656397 10
5918282 4473921 5262666 4473921 1
5394264 4277580 4277580 1280065859 5
5262666 5656397 5656397 5392467 1
5656397 5262659 5918282 5262666 5
5263182 5263182 5656397 5656397 42
1280065859 5656397 4473921 5522770 2
23114 5262659 19530 1162953795 2
5656397 99292501986627 5656397 1280065859 1
23114 5394264 5394264 4277580 1
5262659 387995094339 5656397 5262659 1
5394264 5522770 75146145976141 4473921 1
379472727885 379472727885 4999251 5394264 2
5656397 5394264 5656397 1280065859 43
1195918168 5262659 5918282 5656397 1
4473921 5656397 4473921 4473921 1
1280065859 4277580 4277580 5394264 2
5918282 5394264 5262666 1280065859 1
5918282 379472727885 4347219 23114 1
4277580 1280658761 4473921 4473921 1
23114 5656397 5262666 1280065859 1
5263182 5263182 5263182 4347219 12
1280065859 4473921 5262666 5263182 1
5656397 5656397 5262666 1414743380 1
1280065859 5395522 5656397 4277580 1
4277580 5656397 5325891 4277580 1
99292501986627 1280065859 5262659 5656397 1
5262666 5262659 23114 1414743380 1
4342355 4476481 1280065859 5656397 2
1280065859 5656397 5394264 5262666 2
5656397 1280065859 5394264 21570 1
5656397 5656397 4277580 1280065859 27
21071 1280065859 5656397 1414743380 2
1280065859 4473921 5656397 4347219 1
19530 5656397 4277580 5656397 2
1280065859 5263182 5262666 1280065859 2
5262666 4473921 5262666 379472727885 1
5656397 1280065859 5262659 5656397 5
5262659 4541514 5262659 5918282 1
4473921 5263184 5522770 4473921 1
23114 5262659 23114 4277580 1
16714 5262659 19530 4277580 1
5394264 5262659 23114 5262659 1
5325891 5656397 5656397 4476481 1
23114 5656397 1280065859 75146145976141 1
5394264 4670798 5656397 5656397 1
5262659 5918282 4408644 5656397 2
5394264 5656397 5262666 5262659 1
5522770 4347219 23114 4347219 1
4277580 5262659 5656397 99292501986627 1
5394264 5656397 379472727885 5394264 2
5656397 5394264 5656397 5394264 3
4347219 5656397 4408644 5656397 1
5656397 4473921 1280065859 5656397 1
5656397 1414743380 5918282 4277580 1
1280065859 4670798 4342355 4476481 1
5263184 5263184 5522770 5263182 17
23114 1280065859 4277580 5656397 1
5262659 4538954 5656397 5263182 1
5918282 5656397 4277580 4277580 6
5394264 1280065859 5394264 5262659 1
5263182 4347219 1280065859 4473921 1
5394264 5262666 5262666 5656397 1
4347219 5656397 5394264 5394264 2
5656397 5325891 4347219 5390675 1
5656397 4277580 5656397 5656397 67
5656397 4473921 1414743380 23114 1
5656397 5656397 1414743380 357930323267 1
23114 5656397 4277580 5394264 2
4277580 5394264 5394264 1280065859 3
5656397 4347219 4277580 4277580 3
4410953 1414743380 5918282 5262659 1
4473921 5262666 5262659 5918282 1
379472727885 379472727885 4277580 1414743380 1
5656397 5262666 1414743380 23114 2
5262666 5656397 5394264 1280065859 4
23114 5656397 4473921 4473921 2
4476481 4277580 5656397 5262659 1
4277580 1280065859 5262666 5656397 5
5656397 1280065859 5262659 4541514 3
5262659 19530 5262659 16714 1
5656397 4277580 5262659 99292501986627 1
5656397 1280065859 5262666 1414743380 3
5656397 75146145976141 4473921 1280065859 1
21071 5262659 23114 5656397 1
5656397 1280065859 21071 5262666 1
5262659 4538954 5262659 23114 2
23114 5262666 5262659 4277580 1
4347219 5390675 4277580 4473921 1
1280065859 5263182 5262666 5394264 4
5394264 4277580 1280065859 5656397 7
5656397 5394264 4410953 5656397 1
23114 1280065859 5656397 5262659 1
23114 5262666 5656397 5656397 1
5262666 5656397 1280065859 5262666 3
5262659 23114 5262659 5656397 3
379472727885 5656397 5394264 4277580 1
4476481 5394264 5394264 21071 1
5262666 5656397 5656397 4347219 1
4277580 1280065859 5656397 5656397 28
5262659 23114 4277580 5394264 6
4277580 5656397 5262659 5918282 3
1280065859 5394264 5656397 1280065859 1
4410953 1414743380 5918282 4473921 1
5656397 4999251 4347219 5656397 1
5394264 1280065859 4473921 5522770 1
5522770 5656397 5394264 5394264 1
1414743380 387861202259 5394264 5394264 1
5262659 5656397 306390715715 5656397 1
1414743380 379472727885 5656397 99292501986627 1
4347219 5656397 5325891 1447642185 1
5656397 5656397 1213420880 4347219 24
4277580 5656397 4277580 5656397 14
5656397 5656397 5656397 1414743380 3
4347219 5390675 4347219 1280065859 1
5656397 4476481 5656397 5262659 3
5656397 99292501986627 1280065859 5263182 1
1280065859 21071 5262666 1280065859 1
1280065859 5656397 5656397 5394264 18
5262659 4540234 4473921 4410953 1
1414743380 23114 4347219 5656397 1
4473921 5262666 5262659 23114 1
5656397 4277580 5656397 5394264 11
5656397 4347219 5656397 5325891 1
5656397 4410953 5656397 5262659 1
5918282 4347219 5656397 5656397 9
1213420880 4347219 4476481 5656397 2
5262666 4277580 4277580 4277580 1
5262659 4277580 5656397 5656397 3
5918282 5262666 5656397 5656397 1
5656397 5262659 4538954 5656397 5
5262659 5918282 1280065859 5262659 11
1280065859 5394264 5656397 5394264 2
5262666 5656397 1280065859 5656397 17
23114 1280065859 5262666 1280065859 2
4473921 5262659 19530 5656397 1
21071 5656397 5262659 23114 1
5918282 5262666 5394264 4277580 1
1280065859 1280065859 5394264 5656397 1
5262659 5918282 5262666 5263182 4
1280065859 5262666 1414743380 23114 3
1280065859 5656397 4277580 5394264 13
5394264 1195918168 5262659 5918282 1
4347219 5918282 5262659 5918282 18
379472727885 5656397 5262666 5656397 1
5262666 4277580 4347219 23114 1
379472727885 5656397 5262659 23114 1
4277580 5656397 4473921 1280065859 1
23114 4277580 4277580 5394264 10
387995094339 5656397 5262659 387995094339 1
5656397 1280065859 4277580 5262659 3
1280065859 1414743380 5918282 21071 1
5262659 5918282 5394264 5262666 10
5656397 1280065859 5656397 1280065859 58
1213420880 4347219 5394264 4277580 1
5394264 5656397 5394264 5394264 1
4347219 5394264 4277580 4277580 1
1280065859 5656397 1280065859 5262666 9
5656397 5656397 5656397 1280658761 1
5656397 5262666 4277580 4277580 2
5262666 5656397 1280065859 5394264 2
1280065859 1162953795 5262666 4277580 1
5263182 5394264 5656397 5262659 1
5263182 4347219 5656397 4277580 1
1280065859 5656397 5262666 21071 1
4277580 4277580 5394264 1280065859 4
4347219 5390675 5656397 5392467 1
23114 5656397 4347219 5262666 1
5656397 4473921 4473921 5656397 2
4541514 5394264 5656397 5656397 1
5262659 23114 5394264 1280065859 3
5262659 23114 75146145976141 5656397 1
5390675 5656397 1280065859 75146145976141 1
4473921 5656397 4277580 1280065859 1
1414743380 5918282 5656397 4670798 1
5656397 5656397 5262659 18250 1
4347219 5390675 4473921 4347219 1
1280065859 5656397 1414743380 5459530 2
5262659 5656397 23114 5656397 1
4473921 5262666 5656397 5262659 1
5394264 5656397 5262659 23114 6
5262666 5262659 23114 1280065859 1
5656397 4347219 4347219 4277580 2
4473921 5394264 5262659 5918282 1
5262666 1414743380 5918282 5656397 2
1280065859 5656397 5394264 4670798 1
4347219 1280065859 5262666 5656397 1
5918282 5394264 1195918168 5262659 1
4410953 5656397 4473921 5262659 2
5390675 5656397 5656397 5325891 1
5656397 4473921 5263184 5263184 16
4277580 99292501986627 5656397 5394264 1
5394264 5656397 4473921 4347219 2
4277580 1280065859 5656397 4410953 1
5656397 5656397 5263184 5522770 7
5918282 4473921 5263184 5522770 1
4473921 379472727885 5262659 23114 1
5263182 5263182 5263182 5656397 63
4277580 5394264 1280065859 5262659 2
75146145976141 4277580 4473921 1280065859 1
4277580 4347219 23114 5262659 1
5656397 1213420880 1213420880 1213420880 20
75146145976141 4277580 1280065859 5656397 1
5918282 379355287373 379355287373 1280065859 1
4277580 1280065859 1280065859 5656397 1
5656397 5656397 4476481 4473921 1
5656397 5656397 5262659 1515472211 1
4408644 5262659 23114 4408644 1
5262666 5656397 1280065859 4277580 1
5394264 75146145976141 5656397 5262659 1
5263184 5263184 5522770 4277580 1
1280065859 5656397 5262666 1280065859 2
5262659 387995094339 1280065859 5656397 2
1280065859 5656397 5394264 1414743380 1
4476481 4476481 4277580 5394264 1
5262666 5262659 23114 5262666 3
5918282 5262659 5918282 4347219 24
1280065859 1414743380 23114 5394264 2
5325891 1447642185 5262659 23114 1
4476481 5656397 4277580 4277580 1
1414743380 5918282 21071 4277580 1
4538698 75146145976141 4473921 5656397 1
5656397 5656397 4347219 5390675 3
5263184 5522770 5394264 5262659 1
5656397 379472727885 4473921 4473921 1
5263182 5656397 5656397 4347219 1
379472727885 5656397 99292501986627 5656397 1
5394264 1262702412 5918282 5656397 1
4277580 5656397 4473921 5656397 4
327865552195 5656397 5656397 5262659 1
4277580 1280065859 5656397 5262666 8
5394264 5394264 21071 5656397 2
5656397 5263182 5262659 23114 1
4473921 5262666 5263182 5263182 4
5394258 5262666 4476481 4277580 1
5656397 379472727885 5656397 1280065859 1
5656397 4473921 4277580 5656397 1
4473921 4473921 4473921 16964 1
5918282 4408644 5656397 5656397 2
5262659 1515472211 5522770 5263182 1
5262659 5918282 5262659 16970 1
4277580 5656397 1280065859 5262666 6
4476481 4476481 5656397 5656397 2
23114 1280065859 5656397 5394264 2
5918282 4347219 5656397 4408644 1
4347219 5656397 75146145976141 4277580 1
4347219 5656397 4277580 5656397 1
1414743380 23114 1280065859 5656397 1
5262659 23114 5656397 4277580 25
4670798 5656397 4342355 4476481 3
5656397 5394264 1280065859 5656397 21
5656397 5656397 5656397 23114 2
5263182 4347219 5656397 5394264 1
23114 4347219 4277580 5394264 1
75146145976141 4473921 4473921 4473921 1
5262666 5394264 4473921 5522770 1
5262659 23114 5262659 4541514 2
1414743380 5918282 5656397 1414743380 1
5656397 4277580 4277580 1280065859 5
4277580 5918282 5656397 5656397 1
4277580 93807527219021 5656397 93807527219021 1
1280065859 5656397 5656397 4473921 4
5656397 5656397 21071 5262659 1
1280065859 4473921 5263184 5263184 1
5394264 5262666 1414743380 5918282 2
19530 1162953795 5262659 16714 1
5656397 21071 1280065859 1414743380 1
5262659 5918282 5656397 5262666 17
5262659 4538954 4347219 379472727885 1
1280065859 5262659 4541514 5656397 3
4347219 5394264 5262666 4277580 1
4473921 1280065859 1414743380 23114 1
4473921 4410953 1414743380 5918282 1
4347219 4347219 5656397 21071 1
5263182 75146145976141 5394264 5656397 1
5656397 5656397 1280065859 1280065859 2
4347219 75146145976141 5656397 5656397 1
4277580 5262659 99292501986627 5656397 1
5918282 4473921 5262666 5394264 1
5262659 4538698 379472727885 4410953 1
5656397 1280065859 5394264 4277580 5
4347219 4277580 4277580 5394264 1
5262666 5262659 5918282 1280065859 2
5394264 5394264 1280065859 5394264 1
5394264 5394264 5394264 5656397 2
5262659 23114 75146145976141 4410953 1
5656397 5262666 5394264 5656397 2
4277580 5656397 5394264 1280065859 3
5918282 5394264 5656397 5522770 1
5263182 5263182 5394264 5262666 1
5656397 1280065859 5262666 1195918168 1
4476481 5262659 23114 4277580 1
5394264 5656397 4347219 5656397 2
1280065859 5656397 1414743380 21322 21
5656397 5394264 5394264 21071 1
5656397 5262659 387995094339 5262666 4
5263182 4347219 4277580 1280065859 1
4277580 5656397 5394264 75146145976141 1
4277580 5656397 1280065859 5656397 51
5656397 1262702412 5394264 5522770 1
23114 1414743380 23114 5656397 1
23114 5262659 4538954 4347219 1
5262666 5656397 5262666 5262666 1
5262659 23114 5394264 5394264 1
5656397 1280065859 5394264 5656397 13
5656397 1280065859 75146145976141 4473921 1
18250 4347219 4277580 4473921 1
4277580 5656397 5262666 5656397 1
23114 5394264 1280065859 5394264 1
21071 4277580 1280065859 5262659 1
4541514 5656397 4473921 5656397 1
4670798 4342355 4476481 5262666 1
1280065859 5394264 5262666 5656397 6
5918282 5001042 1414743380 5918282 1
5656397 4277580 5262666 5262659 1
5656397 1280065859 5656397 4476481 1
1280065859 5262659 4277580 5918282 1
5656397 5656397 5656397 21071 3
379472727885 4277580 5656397 5656397 1
23114 4277580 4277580 5656397 16
1280065859 5394264 5262659 5656397 1
1280065859 1414743380 23114 4347219 1
5656397 379472727885 379472727885 4999251 2
5656397 5656397 1515472211 5656397 1
5656397 5262666 4277580 1280065859 7
5656397 5262659 23114 5394264 3
1280065859 1414743380 23114 4277580 3
1414743380 5918282 5656397 5262659 1
5656397 23114 5656397 4347219 1
4277580 5656397 1280065859 4277580 12
4473921 5262659 5918282 5262659 8
5263182 5263182 5263182 5263182 664
1213420880 1213420880 4347219 5656397 15
4410953 5656397 379472727885 4473921 1
16714 5262659 16714 4277580 2
19530 379472727885 5656397 5262666 1
5656397 1280065859 5263182 5262666 16
5656397 5656397 1280065859 5394264 26
5394264 4277580 4277580 4277580 3
4277580 5262659 23114 5262659 4
5262666 4473921 5656397 379472727885 1
5656397 1414743380 21322 5656397 20
5656397 1280065859 1414743380 21322 3
19530 5656397 4277580 5262659 6
5656397 21071 5461058 5656397 1
4473921 5262659 5918282 5262666 1
5262659 23114 4277580 5262659 3
5656397 4347219 4277580 1280065859 3
5262659 23114 5262659 19530 2
5656397 4277580 5656397 1280065859 44
5656397 19530 5262659 23114 1
1262702412 4410953 5522770 5394264 1
5263182 5262666 1280065859 4277580 1
5263182 4347219 5394264 5262659 1
5656397 5656397 21071 4277580 2
5262659 387861202259 5656397 5262666 1
5262666 4473921 5262666 5656397 1
21322 5394264 4277580 4277580 1
5656397 5262666 379472727885 4277580 1
23114 5656397 1280065859 5656397 17
1195918168 5394264 5656397 1280065859 1
4473921 4473921 4473921 21322 1
4473921 5325891 4347219 5390675 1
5262659 23114 1280065859 5262666 4
4347219 5262659 23114 379472727885 6
4670798 5656397 5656397 5656397 2
4473921 5656397 5262666 5656397 3
5263182 5263182 4347219 5394264 1
5656397 4473921 4473921 4473921 1
23114 4277580 5656397 1280065859 6
1280065859 5394264 1280065859 5394264 2
5394264 5656397 4277580 5394264 2
20298 20298 16964 4473921 1
23114 5656397 4473921 4347219 22
23114 4408644 5656397 4408644 1
5918282 4473921 5918282 5394264 1
284915879235 5262659 5918282 5656397 1
4277580 5656397 1280065859 5262659 18
5263182 5263182 1213420880 4347219 13
23114 5262659 5918282 5262666 3
306390715715 5656397 5656397 5656397 1
387995094339 5656397 5656397 5656397 3
4473921 5262659 5918282 379472727885 1
5263184 5522770 5394264 1280065859 2
5394264 5262666 5394264 5262666 1
1262702412 5918282 5656397 5262659 1
1280065859 5262659 5656397 387995094339 1
5656397 4347219 4347219 1280065859 4
21071 5656397 5656397 1280065859 1
4473921 5263184 5522770 5394264 2
5656397 1280065859 4277580 4347219 1
5918282 5262666 1280065859 5394264 1
379472727885 379472727885 4999251 5392467 1
4277580 5656397 5656397 5392467 1
5262666 5656397 5394264 4277580 2
4277580 1280065859 5656397 1280065859 5
5656397 1280065859 1414743380 5459530 1
1280065859 5262666 5656397 5656397 15
16714 5262659 5918282 5656397 1
5262659 5918282 5656397 4476481 1
5263184 5522770 5262659 4277580 2
5918282 4277580 5394264 5656397 1
4277580 21071 5656397 5656397 1
23114 1280065859 379472727885 5656397 1
5262666 5656397 4473921 5522770 1
5262666 4342355 4342355 1414743380 2
1515472211 5262659 23114 5656397 1
5263182 5263182 5263182 75146145976141 1
1280065859 379472727885 5656397 4277580 16
5263182 5263182 5263182 5394264 3
5263184 5522770 5262659 5656397 1
5656397 5262666 4473921 5262666 1
1414743380 23114 5394264 4277580 2
5394264 5656397 4473921 5263184 2
4277580 5262659 19530 5656397 1
23114 5656397 4473921 5656397 1
23114 5656397 5262659 16970 1
5262659 5918282 5656397 4347219 1
5262666 5394264 1414743380 1515472211 1
4342355 4473921 4473921 1398035791 1
1213420880 4347219 5394264 5262659 1
1280065859 5656397 1280065859 1414743380 2
5263182 5656397 1262702412 4410953 2
5918282 5656397 4277580 75146145976141 1
5394264 5262666 5262659 5918282 1
5262659 19530 5656397 5262659 1
1280065859 21071 5262659 23114 3
5656397 4476481 4476481 387995094339 1
1280065859 4277580 4277580 5656397 9
4277580 4347219 5262659 23114 6
5262666 379472727885 4277580 4277580 1
19530 5394264 4277580 5656397 1
5394264 5656397 1280065859 5262659 26
5918282 5262659 19530 5262659 1
4347219 5656397 23114 5656397 2
99292501986627 1280065859 5263182 5262666 1
5394264 21570 5656397 284915879235 1
4476481 4277580 1280065859 5263182 1
4277580 379472727885 4277580 1280065859 1
5656397 5656397 1280065859 5262659 51
5394264 4277580 5656397 5656397 7
5656397 1414743380 23114 1280065859 2
23114 5656397 5392467 5525326 1
1280065859 5656397 1414743380 23114 12
5918282 1280065859 5262666 4277580 1
1414743380 23114 5656397 5262659 4
4410953 4473921 4277580 5262666 1
5656397 1280065859 379472727885 4473921 1
4473921 379472727885 379472727885 4277580 1
4473921 5262659 4541514 5394264 1
5262659 5656397 99292501986627 5656397 1
5394264 5262666 4342355 4342355 2
4277580 4473921 5656397 5656397 1
1414743380 21322 4277580 4277580 2
5656397 93807527219021 1280065859 4277580 1
5656397 5656397 5525326 4476481 1
23114 5262659 5918282 5262659 3
5656397 5394264 4277580 5262659 1
5262659 23114 5394264 4277580 2
379472727885 1280065859 5262659 5918282 1
1280065859 5262666 5656397 5262659 3
4347219 4347219 5262659 23114 1
5656397 5262659 23114 4473921 1
5656397 1280658761 4473921 5656397 1
4408644 5656397 4408644 5656397 1
5263182 5263182 5394264 5656397 1
1280065859 5525065 5262659 5918282 1
4473921 5262659 23114 5262659 3
5394264 5394264 4476481 5656397 1
19530 4277580 4277580 5656397 3
5656397 5656397 4541514 5656397 1
1414743380 23114 4277580 5656397 3
5656397 4347219 4473921 5325891 1
5263184 5263184 5522770 5656397 2
5394264 5656397 4277580 1280065859 3
1280065859 5262659 5656397 19530 3
5394264 75146145976141 5656397 1280065859 2
5262659 23114 5656397 1280065859 29
5656397 5262659 4538954 1280065859 6
23114 1280065859 5656397 4473921 1
23114 5262659 5918282 5394264 2
1414743380 5918282 5656397 1262702412 1
379355287373 1280065859 5262666 5263182 1
5918282 5656397 4277580 5656397 3
5656397 4277580 1280065859 1414743380 1
5918282 5656397 5656397 4277580 3
1280065859 5394264 5656397 5656397 5
5656397 5656397 5394264 4277580 5
5262659 23114 5656397 4473921 26
5656397 5325891 1447642185 5262659 1
5656397 5394264 4277580 4347219 1
5918282 4277580 5656397 4473921 1
5395522 5656397 4277580 5394264 1
4277580 4277580 4342355 5656397 1
5656397 1213420880 4347219 4277580 1
1280065859 5656397 4277580 5262659 2
5263184 5263184 5522770 5394264 1
5656397 5394264 4277580 4277580 4
4473921 5262666 5656397 5262666 1
5394264 5394264 5394264 1280065859 1
1280065859 4347219 5656397 5394264 1
4476481 5656397 5394264 1280065859 1
5656397 1280065859 4473921 5262659 1
5656397 4473921 4473921 4410953 2
5656397 4277580 5656397 4473921 3
5262659 23114 5262666 5394264 1
1414743380 23114 5656397 5394264 4
1280065859 379472727885 5656397 5394264 1
1280065859 5656397 4277580 4347219 1
5656397 1280065859 5262659 19530 7
1414743380 23114 1280065859 1414743380 1
5656397 5262666 4347219 5262666 2
5262659 5918282 5001042 1414743380 1
5656397 19530 4277580 1280065859 6
5262666 5656397 5262666 5262659 1
4538698 5262659 5918282 5656397 1
4347219 5656397 5262666 5262659 1
5263182 5263182 5262666 5656397 1
5263182 5263182 4347219 5262659 1
4476481 75146145976141 5656397 5656397 1
5656397 4342355 5394264 5394264 1
379472727885 5262659 5918282 5262659 1
1213420880 1213420880 4347219 4476481 3
5262659 4277580 19530 5394264 1
23114 5656397 5262666 379472727885 1
5262659 5918282 5394264 5656397 1
5262666 4476481 5394264 1280065859 1
1262702412 5394264 5522770 5263182 1
5656397 5656397 1280065859 4473921 5
5656397 5263184 5522770 5262659 2
4277580 5262659 23114 379472727885 25
5656397 5262659 99292501986627 5656397 2
5262659 5918282 5262666 5394264 1
5262659 23114 5262659 99292501986627 4
5263182 5656397 4347219 4277580 1
5394264 5656397 1280065859 5394264 2
5656397 4540234 5262659 5918282 1
5918282 5262666 5263182 5263182 5
4277580 5656397 4476481 5656397 2
5394264 5262666 5656397 5262666 1
5656397 1280065859 4277580 4473921 1
5263182 5656397 5394264 75146145976141 1
4277580 5656397 99292501986627 1280065859 1
4277580 1280065859 4476481 5656397 2
1280065859 4277580 4277580 21071 1
4277580 4473921 4277580 5656397 1
19530 5656397 5656397 5262659 1
5656397 1414743380 357930323267 5656397 1
4277580 5656397 21071 1280065859 1
5394264 1280065859 1280065859 5394264 1
5656397 5656397 379472727885 5656397 1
4347219 5656397 5656397 1280065859 5
5656397 1213420880 4347219 75146145976141 1
5656397 5656397 4277580 4277580 11
4473921 1280065859 5656397 1414743380 3
5394264 5656397 1280065859 4473921 1
387995094339 5656397 5394264 5522770 1
5656397 4277580 4476481 4277580 1
5263182 4347219 5262659 23114 1
5394264 1280065859 1414743380 21322 1
5656397 5656397 5394264 5522770 1
5394264 4999251 4473921 5262659 1
23114 379472727885 1280065859 1414743380 1
75146145976141 5656397 1280065859 5656397 1
379472727885 379472727885 5656397 4277580 6
4277580 4277580 5656397 4476481 1
1262702412 4410953 5522770 5263182 1
5918282 5656397 4473921 4277580 1
5392467 4408644 5656397 5262666 1
5522770 5394264 1280065859 5262659 1
4277580 4277580 5656397 4277580 9
5262659 16714 23114 5656397 1
5522770 5263182 1213420880 4347219 1
4538954 5262659 5656397 387995094339 1
23114 5394264 5262666 4277580 1
23114 5262666 379472727885 5262659 1
5392467 5262659 23114 5656397 3
5656397 5394264 5656397 4277580 2
23114 5656397 4277580 1280065859 2
5263182 5656397 5656397 5262659 1
5394264 5262666 4277580 4277580 1
1280065859 5656397 5262666 4473921 1
4347219 5656397 4277580 5394264 1
75146145976141 5392467 5262659 23114 1
21071 5461058 5656397 1280065859 1
1414743380 5918282 5394264 5262666 1
5392467 4476481 5656397 1414743380 1
1280065859 5656397 4410953 5656397 1
5656397 5394264 5262659 1515472211 1
5656397 4277580 5656397 4476481 1
1280065859 5262666 4277580 1280065859 1
5656397 4473921 5656397 4999251 1
99292501986627 5262659 5918282 5262659 1
379472727885 4476481 1162953795 4473921 1
1280065859 5656397 5656397 4670798 2
19530 5656397 5656397 5656397 2
5656397 21071 5262659 23114 1
5918282 4473921 379472727885 5262659 1
1280065859 5262659 23114 1280065859 3
5262659 16714 4277580 5656397 1
1280065859 4347219 5656397 23114 1
21322 5656397 4277580 5656397 4
5263182 5656397 1213420880 1213420880 6
1280065859 5656397 4277580 75146145976141 1
75146145976141 4670798 4473921 75146145976141 1
4541514 5262659 5918282 1280065859 1
5918282 4277580 1280065859 4277580 4
5656397 4476481 5656397 5394264 1
5262659 19530 5656397 5656397 3
5656397 4277580 1280065859 5262666 2
5262666 1414743380 23114 379472727885 1
1280065859 5262666 5656397 4476481 2
1280065859 4277580 4277580 1280065859 2
5262659 4541514 5656397 5262659 2
4541514 5656397 1280065859 5656397 1
5262659 5918282 4277580 5262659 1
5656397 75146145976141 5394264 5656397 2
4277580 5394264 1280065859 1414743380 1
23114 4277580 4347219 23114 1
4476481 5918282 5262666 5262659 1
5656397 5262659 1515472211 5522770 1
1414743380 5918282 5522770 5263182 1
19530 5656397 5262659 23114 1
5656397 5656397 21071 5656397 4
5656397 4473921 4473921 4347219 2
5262659 23114 5656397 5262666 9
1280065859 5656397 75146145976141 5656397 1
4538698 5262659 19530 5262659 1
19530 1162953795 4277580 5656397 1
5394264 4277580 5656397 4277580 2
5656397 5262666 5262666 5656397 1
5656397 4347219 5656397 5262666 1
5262659 18250 23114 4347219 1
5656397 5262666 5656397 5262666 12
23114 5262666 5656397 5262666 1
5262659 387861202259 5262659 23114 1
5262659 4540234 75146145976141 4277580 2
4277580 5656397 5656397 4277580 12
5656397 4277580 4277580 4347219 1
4476481 4277580 5656397 4473921 1
379472727885 5656397 5262666 5262659 1
5656397 4476481 5262659 23114 1
4347219 5656397 5262659 5918282 3
23114 4277580 1280065859 5262666 1
4347219 5656397 5656397 5656397 21
5656397 4473921 1280065859 5263182 1
4476481 5656397 1414743380 23114 1
23114 5262659 5918282 1280065859 2
4277580 1280065859 5656397 1414743380 5
4476481 4476481 5394264 5394264 1
5918282 5262659 23114 4277580 1
5262659 99292501986627 5262666 5656397 1
23114 4277580 5394264 1280065859 1
21071 5656397 1280065859 1414743380 1
23114 5262659 23114 4473921 1
5262659 23114 5394264 5262666 4
5656397 4347219 4277580 5390675 1
5461058 4277580 1280065859 5656397 1
4277580 1280065859 4277580 1280065859 5
5656397 1414743380 99292501986627 5262659 1
5262666 5656397 5262659 1515472211 1
5656397 4408644 5656397 4410953 1
4277580 4277580 1280065859 5394264 1
4277580 5656397 5656397 5394264 4
5918282 5656397 1414743380 23114 1
5262659 5918282 1280065859 379472727885 1
4347219 4347219 5656397 23114 1
4347219 5262666 5656397 5394264 1
5262666 5262659 5918282 5656397 6
5394264 5262659 5656397 19530 1
5263182 5263182 5656397 5522770 1
4473921 5263184 5522770 1280065859 1
4540234 5656397 5262659 5262666 1
1213420880 4347219 5656397 5656397 20
1280065859 5656397 5394264 4277580 4
4347219 1280658761 4473921 4277580 4
5656397 4476481 1414743380 5656397 1
5918282 4347219 5656397 5262659 14
5918282 5656397 4670798 5656397 1
5918282 5394264 5262666 4342355 2
5656397 5656397 5262659 4538698 2
5656397 5656397 5394264 5656397 27
5262659 99292501986627 5656397 1280065859 1
5656397 5262659 4540234 5262659 2
21071 4473921 4473921 4473921 1
5656397 5656397 1515472211 21071 1
4347219 5918282 5656397 5262659 2
1280065859 5262666 5656397 1280065859 8
5656397 4347219 5656397 1280065859 1
4277580 1280065859 5394264 1280065859 1
5656397 5262659 5262666 5263182 1
5656397 5656397 5392467 5656397 4
4538954 5656397 379472727885 379472727885 2
5394264 1280065859 5262659 5918282 1
1280065859 1414743380 5918282 5262659 4
5262659 5918282 5262666 379472727885 1
5656397 5656397 5262659 4277580 2
1280065859 5656397 1414743380 387995094339 1
379472727885 4277580 1280065859 5656397 1
5461058 4277580 1280065859 5395522 1
5656397 5656397 4473921 1414743380 1
4473921 4347219 5656397 5656397 1
4277580 5656397 4347219 23114 1
4342355 1414743380 23114 5656397 1
4277580 4277580 93807527219021 5656397 1
5262659 4541514 5394264 5656397 1
5262666 4347219 5262666 5656397 3
1280065859 4473921 5262659 4540234 2
5656397 5325891 4277580 5656397 1
5262666 4277580 5656397 1280065859 2
1280065859 1414743380 5918282 1280065859 1
5394264 5656397 5262659 5656397 2
4277580 5394264 4277580 5394264 2
5656397 5262666 5394264 1280065859 2
5656397 5656397 23114 5656397 1
4541514 4277580 5656397 1280065859 1
5263182 4347219 5656397 5656397 3
1280065859 4277580 1280065859 1280065859 1
5656397 5656397 1280065859 5263182 9
5656397 4277580 99292501986627 1280065859 1
4347219 4473921 4277580 5262659 1
4347219 5262659 306390715715 5656397 1
5656397 1280658761 4347219 5390675 1
23114 1280065859 5262666 5263182 1
5262666 4347219 23114 4347219 1
1213420880 4347219 5656397 5394264 20
1280065859 5262666 5656397 5394264 4
5918282 4473921 5262666 5262659 2
23114 1280065859 1414743380 23114 1
1280065859 5656397 5656397 1414743380 4
5656397 4473921 5262659 5918282 2
5394264 5522770 5263182 5263182 4
1162953795 5262659 16714 23114 1
1213420880 4347219 379472727885 5394264 1
5262666 379472727885 5262659 23114 2
5262659 4540234 5262659 5262666 1
91595920592195 5656397 5262666 1414743380 1
379472727885 5262659 23114 4347219 6
5918282 5262659 5918282 4277580 1
5394264 5262659 23114 5262666 1
1515472211 5656397 5262666 5394264 1
4277580 5262659 16714 4277580 1
4277580 5656397 5656397 4347219 4
1414743380 91595920592195 5656397 5262666 1
5394264 1280065859 5656397 5262659 6
5262659 5656397 4540234 5262659 1
5656397 1280065859 5656397 5394264 37
5522770 1280065859 5263182 5262666 2
4473921 4473921 5262659 5918282 1
5656397 4476481 4277580 5656397 1
23114 4408644 5262659 23114 1
5262659 5918282 1280065859 5656397 9
5656397 5262666 4277580 5394264 1
1280065859 5656397 1280065859 4277580 3
5262666 1280065859 5656397 5262666 2
5522770 5263182 5263182 5263182 68
4473921 5263184 5522770 5656397 2
1280065859 5262659 387995094339 1280065859 2
4473921 4347219 5918282 5262666 2
5394264 4277580 5394264 4277580 2
379472727885 4473921 5263184 5522770 1
4277580 5918282 5394264 5656397 1
5656397 5392467 4473921 5656397 1
5263184 5522770 5656397 5656397 2
5656397 4347219 5656397 23114 2
379472727885 5394264 4408644 5656397 1
4476481 5656397 5656397 5656397 6
1515472211 5656397 21071 5461058 1
387861202259 5394264 5394264 4277580 1
21322 5656397 5656397 5656397 7
5263182 5262666 5394264 5262659 3
5262659 5918282 4347219 5656397 27
4476481 387995094339 1414743380 23114 1
5262666 5262659 5918282 4347219 1
4541514 5656397 5394264 1280065859 1
5656397 5656397 21071 1280065859 1
5656397 5262666 5263182 5263182 5
5262659 5918282 4473921 379472727885 1
5918282 5262666 5262659 23114 1
5656397 1280065859 4277580 4277580 14
4277580 4476481 4277580 5656397 1
5394264 5394264 1280065859 5262659 2
4342355 4476481 21071 1280065859 1
4347219 5656397 5262659 5656397 12
23114 5262659 5656397 387995094339 1
5918282 5656397 4476481 4476481 1
4347219 5390675 5656397 4473921 1
5262666 5656397 1280065859 5263182 1
5656397 5262666 5656397 5656397 45
5522770 4277580 5656397 1280065859 1
5656397 4476481 5656397 5656397 2
5394264 5394264 5656397 1280065859 33
4538698 4473921 5656397 4410953 2
5394264 5656397 5262666 5656397 2
1414743380 5918282 5656397 1280065859 3
5263182 5263182 5656397 1262702412 2
387995094339 5656397 5262666 5656397 1
4277580 4277580 4277580 1280065859 2
5918282 5656397 1280065859 5262666 5
4347219 4277580 5394264 5262659 1
5263182 5262659 5918282 5001042 1
4473921 4473921 5656397 4473921 2
5656397 5262666 5262659 5918282 6
5262666 5394264 5394264 1280065859 2
1515472211 21071 5656397 5656397 1
5262659 4538954 5656397 5656397 1
4277580 4277580 5262659 23114 2
5656397 5656397 5656397 4277580 20
4277580 23114 4347219 23114 1
93807527219021 5656397 93807527219021 1280065859 1
4540234 75146145976141 5656397 5656397 2
4277580 4476481 5262659 23114 1
5394264 5262659 5656397 5656397 1
5394264 5656397 4277580 4277580 2
21071 4277580 5656397 1280065859 2
4277580 4277580 5656397 5262659 1
5918282 4277580 1280065859 5656397 1
5656397 4277580 4277580 5394264 3
1280065859 5656397 5395522 1414743380 1
5656397 5656397 5656397 4347219 17
5656397 1414743380 4277580 4277580 1
23114 1414743380 5918282 5656397 2
1213420880 4347219 4476481 4476481 2
4277580 4670798 5656397 1280065859 1
284915879235 5656397 5262659 16970 1
5656397 5656397 5325891 4347219 1
5395522 1414743380 5918282 5656397 1
4347219 4476481 5656397 5656397 1
5263182 5263182 4347219 1280065859 1
5394264 4473921 5522770 5263182 4
5656397 5262666 1280065859 5262666 1
1280065859 4277580 5656397 5394264 2
4277580 5656397 5656397 5262666 2
1280658761 4473921 4277580 1280065859 2
5656397 1280658761 4347219 4473921 1
4476481 21071 1280065859 5656397 1
5656397 5656397 5656397 1280065859 168
5263182 5656397 5656397 5394264 2
5392467 5656397 1280065859 4476481 1
4277580 5394264 5394264 5394264 3
5262659 387995094339 5656397 5262666 1
5263182 1213420880 1213420880 1213420880 3
21570 5656397 284915879235 5262659 1
18250 5262659 5918282 1280065859 2
4277580 1280065859 5263182 5262666 4
4347219 5262666 5656397 1280065859 2
4277580 4277580 5656397 1280065859 33
4538698 379472727885 4410953 5656397 1
5263182 5263182 5263182 5262666 16
1280065859 5656397 5656397 5461058 1
1280065859 5656397 5262666 5461058 1
4347219 5394264 5262659 23114 2
4473921 4277580 5262666 5262659 1
5262659 5656397 1515472211 5656397 1
5394264 4410953 5656397 5656397 1
1280065859 5656397 1280065859 5656397 36
4277580 1280065859 4277580 5656397 3
379472727885 4999251 5394264 5656397 2
5394264 4408644 5656397 5262666 1
5656397 5656397 4473921 4347219 1
4277580 1280065859 5394264 4473921 1
4473921 1280065859 5262659 23114 2
1414743380 387995094339 5656397 5656397 1
4410953 5656397 5656397 5262659 1
21071 5262666 1280065859 5656397 1
5918282 4408644 4410953 5262659 1
23114 4347219 23114 4277580 1
1213420880 1213420880 1213420880 5656397 1
5262666 5656397 1280065859 21071 1
1280065859 1414743380 5918282 4410953 1
387995094339 5262659 5656397 99292501986627 1
4473921 5656397 5262659 5918282 2
1213420880 4347219 75146145976141 5656397 1
5656397 5656397 5656397 5656397 271
5656397 5262666 5394264 1414743380 1
4347219 5918282 5656397 5656397 2
4410953 5656397 5262659 75146145976141 1
5656397 4277580 1280065859 5656397 32
4277580 1280065859 1414743380 5918282 1
5262659 5918282 4476481 5656397 1
1280065859 5656397 5262666 5656397 16
5262659 23114 4347219 4277580 1
5394264 1280065859 5656397 1280065859 1
5918282 5262659 5918282 5656397 7
5394264 5394264 5656397 4277580 1
5656397 5656397 5262666 5656397 24
5656397 4277580 4473921 5656397 1
4277580 1280065859 4277580 5262659 2
23114 5656397 5262659 99292501986627 1
5656397 5656397 1280065859 4670798 1
23114 5262659 4538698 5262659 1
5262659 23114 5262666 1414743380 1
4277580 379472727885 5262659 23114 1
19530 4473921 19530 4473921 1
1280065859 4277580 5262659 23114 3
5656397 4670798 5656397 4342355 3
19530 5394264 5262659 23114 1
5262659 23114 5262666 379472727885 1
4408644 4473921 5262659 5918282 1
5325891 4347219 5390675 5656397 1
16714 4277580 5656397 5656397 1
5656397 1213420880 4347219 5394264 2
5656397 4408644 5656397 4408644 1
5262666 4277580 5656397 5656397 3
1280065859 5394264 5262666 5262659 1
1280065859 5525065 5394264 4473921 1
5656397 5262659 1515472211 1280065859 1
5656397 387995094339 5656397 5656397 2
5918282 5262659 5918282 4473921 2
4347219 5918282 5262666 5656397 1
5656397 5656397 4347219 23114 5
5656397 5656397 1280065859 5656397 195
23114 5656397 5262659 5918282 7
5262659 4538698 379472727885 379472727885 1
23114 5394264 4277580 5394264 3
5656397 4473921 5656397 5262659 1
4540234 5262659 5918282 5262659 2
379472727885 5656397 4277580 5656397 8
5394264 4277580 5262659 5656397 1
5262666 1280065859 5262659 5918282 2
5262666 5461058 4277580 1280065859 1
4999251 4347219 5656397 5656397 1
387861202259 5656397 5656397 1280065859 1
1280065859 5656397 1280065859 5262659 7
4541514 5262659 4541514 5262659 1
5656397 1280065859 21071 5656397 2
5656397 5656397 5392467 5525326 1
5656397 1280065859 5525065 5525065 1
75146145976141 4476481 75146145976141 5656397 1
5656397 5262666 4347219 23114 1
1280065859 5394264 5262659 19530 1
5262666 4347219 5262666 4347219 1
4476481 5262659 5918282 4408644 1
1213420880 4347219 5656397 4476481 1
5656397 5656397 5656397 4476481 2
5394264 5656397 1280065859 5262666 1
5918282 5262659 327865552195 5656397 1
1280065859 5656397 5262666 4476481 1
4277580 5262659 23114 5656397 4
5656397 4277580 4277580 99292501986627 1
4347219 23114 5656397 4347219 1
5262666 5262659 23114 4277580 2
5656397 5656397 4277580 4347219 3
5656397 5656397 5656397 5262666 12
5656397 1213420880 4347219 4347219 2
4476481 4476481 387995094339 1414743380 1
1414743380 5918282 1280065859 5262659 1
1280065859 5262666 5656397 4670798 1
23114 5656397 5656397 5262666 1
4277580 1280065859 1414743380 23114 1
5394264 5656397 5394264 1280065859 4
4347219 4473921 5262659 5918282 6
5263184 5262666 5263182 5263182 2
5262666 5656397 4670798 4277580 1
5918282 5656397 5262666 5394264 1
4538954 5262659 23114 5394264 1
5394264 5262659 5918282 5262666 1
1280065859 5394264 1280065859 5656397 3
5918282 21071 5262666 5656397 1
1280065859 5262659 23114 1414743380 1
5656397 4410953 5656397 4473921 3
5656397 5656397 1280065859 5262666 13
5918282 5394264 5262666 1414743380 2
4277580 5656397 387995094339 5262659 1
4342355 4342355 1414743380 23114 1
19530 5262659 5918282 5262659 1
5262659 4538698 5656397 4473921 2
5262659 1515472211 5262659 23114 1
5262659 5656397 19530 5262659 1
1414743380 5918282 5656397 4277580 1
4347219 4347219 4277580 5262659 4
5918282 5656397 1262702412 5394264 1
1414743380 23114 4476481 4277580 2
4277580 4342355 5656397 4473921 1
5263182 5262666 5656397 1280065859 2
1280065859 5656397 1280065859 5263182 2
5656397 4277580 1195918168 5262659 1
4473921 5656397 4473921 5656397 2
1280065859 5394264 5262659 4541514 3
5262659 23114 5262666 5656397 3
1280065859 5262666 5656397 5262666 2
5262659 23114 5262659 16970 6
1280065859 5262659 4538954 5262659 1
4410953 75146145976141 4277580 1280065859 1
5656397 284915879235 5262659 5918282 1
5656397 4347219 5656397 4277580 9
5656397 4277580 5394264 5394264 6
5262659 5918282 5262666 5262659 2
4408644 5656397 5262666 5262659 2
4473921 5262666 379472727885 5262659 1
4473921 4473921 1398035791 1398035791 1
4277580 5656397 1280065859 5263182 1
5656397 5262666 4476481 5394264 1
23114 5656397 5656397 5656397 27
5656397 5394264 4277580 1280065859 2
4473921 5656397 4410953 5656397 3
5394264 4277580 5394264 1280065859 2
4347219 5656397 1414743380 5918282 2
5656397 5394264 4277580 5394264 2
1162953795 4277580 5656397 5656397 1
23114 5656397 5262666 5525326 1
4277580 5394264 5656397 5656397 16
4538954 1280065859 5656397 5394264 6
5262659 99292501986627 5656397 5656397 2
5656397 5262666 1280065859 5656397 4
75146145976141 5656397 5656397 4277580 3
5656397 5262659 5656397 99292501986627 3
5262666 5262659 23114 5262659 8
5262659 4277580 5656397 4277580 1
5656397 4347219 5390675 4277580 1
5394264 4277580 5394264 5656397 3
5262659 23114 1280065859 4277580 1
1280065859 5656397 4277580 4277580 11
5656397 5262659 5918282 75146145976141 2
5262659 23114 1414743380 5918282 2
5263182 5262659 23114 4473921 1
5394264 1280065859 5656397 5656397 9
5918282 5394264 1280065859 4277580 1
23114 4476481 5394264 5656397 1
5262659 4538698 4473921 5656397 2
5656397 5656397 4473921 5522770 1
5394264 5656397 5394264 5656397 2
379472727885 5656397 4277580 1280065859 14
4277580 4473921 5262659 5918282 1
4347219 4277580 5390675 4347219 1
5656397 4347219 5656397 4473921 1
306390715715 4347219 5656397 4347219 1
23114 5262659 99292501986627 1280065859 4
5918282 5656397 5262659 23114 2
4538954 5262659 5262666 387861202259 1
5656397 4473921 1280065859 5262659 1
5394264 1280065859 5262666 5656397 4
5459530 5656397 5656397 1280065859 2
99292501986627 5262659 23114 4277580 1
4473921 1414743380 23114 379472727885 1
5262659 23114 5262659 4538954 3
1280065859 4473921 5263184 5522770 4
5656397 5262659 387995094339 5262659 1
5918282 5656397 4277580 5394264 1
4347219 5262666 5656397 5656397 1
1414743380 23114 5656397 5392467 1
4347219 4277580 4473921 5262659 1
387995094339 5262659 4277580 1515472211 1
4473921 4277580 5656397 1280065859 2
5656397 5656397 1414743380 5656397 1
5263182 5262666 4277580 4277580 2
4347219 5656397 23114 4347219 2
5656397 5262666 5394264 5262666 1
5656397 4277580 5656397 5262666 1
4410953 4473921 5262659 16970 1
5262659 5656397 19530 5656397 7
5656397 5262666 5262659 4538954 2
1414743380 21322 5656397 4476481 1
5394264 5262659 4541514 4277580 2
4476481 4277580 5394264 5394264 1
5262659 5918282 379472727885 4347219 1
4277580 18250 4347219 4277580 1
5394264 5262659 4541514 5656397 1
1414743380 5918282 1280065859 5262666 1
23114 5656397 5656397 4347219 3
5656397 1280065859 1195918168 5394264 1
5262659 387995094339 5262666 5656397 4
4410953 5522770 5263182 5263182 1
18250 5262666 5656397 4277580 1
1280065859 5656397 5262666 4277580 3
5262666 5656397 5394264 5656397 2
4476481 4277580 5656397 5656397 2
5656397 4408644 4473921 5262659 1
5262659 5918282 5394264 5262659 1
5656397 1280065859 4473921 5522770 4
5525065 5394264 4473921 5522770 1
4277580 5262659 4541514 75146145976141 1
5263182 5263182 4342355 4342355 1
1280065859 5394264 5656397 4277580 1
5262659 1515472211 1280065859 5656397 1
379472727885 5262659 23114 4277580 1
5656397 4410953 75146145976141 4277580 1
5262659 4538954 1280065859 5656397 6
5656397 5656397 5394264 5262659 2
4347219 379472727885 5262659 5918282 1
5656397 4277580 4277580 4277580 6
23114 5262659 4541514 5262659 1
4541514 4473921 1280658761 284865549395 1
5656397 1280065859 4670798 4342355 1
16970 4473921 4410953 1414743380 1
23114 5394264 5522770 75146145976141 1
5656397 4473921 5656397 4473921 2
4347219 5656397 5394264 5656397 19
5918282 5656397 5656397 5392467 1
5656397 1213420880 4347219 5656397 21
5656397 379472727885 5656397 5262666 1
4342355 5262666 5263182 5263182 1
4277580 4277580 5656397 5394264 4
4277580 1280065859 5394264 5262659 1
5394264 5262659 5918282 1280065859 1
5656397 21071 4277580 4277580 1
21071 5262659 23114 4277580 3
4277580 4277580 1280065859 5262659 1
1280065859 5262659 5918282 5656397 23
5263184 5522770 23114 5656397 1
1280065859 1414743380 5459530 5656397 1
4277580 4347219 5656397 5656397 1
5656397 1515472211 5656397 5262666 2
23114 4347219 5656397 5656397 2
5263182 5262666 5656397 5656397 1
4277580 1280065859 379472727885 5656397 8
23114 4347219 23114 5262659 11
99292501986627 5656397 5656397 5262666 1
4347219 21071 1262702412 4473921 1
5656397 5656397 5656397 5262659 16
5262666 5394264 5262666 5263182 1
4347219 5656397 5656397 4473921 1
75146145976141 4277580 18250 4347219 1
5262659 5918282 5656397 5394264 5
75146145976141 5656397 5656397 5656397 1
5656397 1280065859 5262666 4277580 4
5262659 5918282 1414743380 23114 2
4347219 4277580 5262659 23114 12
4342355 4476481 5262666 5656397 1
16970 4410953 4473921 5262659 1
5656397 4277580 1280065859 379472727885 8
1280065859 5656397 5656397 5262659 13
1280065859 5394264 4473921 5522770 1
4476481 5656397 4277580 5656397 1
4540234 4473921 4410953 4277580 1
5394264 5394264 4277580 1280065859 5
4347219 5656397 5394264 1280065859 1
5656397 5262659 4541514 5656397 1
5656397 5394264 5656397 1280658761 1
5656397 4473921 5656397 4408644 1
75146145976141 5656397 5262659 4277580 1
5656397 5656397 5262666 1280065859 1
1280065859 5656397 5262659 387861202259 1
5262659 23114 4408644 5262659 2
5918282 4347219 5656397 4277580 2
23114 5262659 23114 379472727885 1
5656397 5656397 5262659 5918282 16
23114 1414743380 5918282 5262659 1
4347219 23114 5262659 23114 4
5262666 5656397 4476481 5656397 1
5263182 5656397 1213420880 4347219 7
1280065859 5262666 1280065859 5656397 2
5262659 5918282 4473921 5263184 1
1280065859 1414743380 23114 5656397 8
4277580 5656397 1280065859 5394264 6
5394264 5656397 5656397 5394264 1
1280065859 5262659 5918282 5394264 2
5262666 4277580 1280065859 5656397 3
5390675 4473921 4347219 5656397 1
93807527219021 1280065859 4277580 5656397 1
5394264 5262659 5918282 379355287373 1
5394264 1414743380 387861202259 5394264 1
5656397 4476481 5656397 4476481 1
1280065859 5262666 5263182 5263182 5
5656397 1280065859 4277580 5656397 26
5263182 4347219 5656397 5262659 2
5918282 5262659 23114 5394264 1
5656397 1414743380 5459530 5656397 2
1280065859 4277580 5394264 5394264 1
5262659 18250 23114 5394264 1
4538698 379472727885 379472727885 4999251 1
75146145976141 5262659 4538698 5262659 1
5525065 5525065 5525065 5525065 6
5262666 5656397 4347219 4347219 1
5394264 5262659 23114 75146145976141 1
5263182 1213420880 4347219 21071 1
5262659 5918282 4277580 5394264 1
5918282 5394264 5656397 5656397 1
19530 5262659 16714 5262659 1
5262659 16714 4410953 5656397 1
5262666 1280065859 5262659 18250 1
5656397 4408644 5656397 5656397 1
5656397 5656397 4473921 5263184 28
5656397 5656397 4670798 5656397 2
1213420880 4347219 5394264 5656397 6
5262659 4540234 5262659 4540234 1
4476481 5656397 5262659 5918282 2
5262666 4277580 4277580 5394264 1
5656397 5656397 4347219 5262659 1
5263182 4347219 4277580 5656397 1
5262666 5262659 4277580 5656397 2
5656397 1280065859 1280065859 5262666 1
5262666 5394264 5262659 5918282 1
5656397 5262659 23114 5262659 23
5656397 99292501986627 5656397 1414743380 1
23114 5262659 23114 5656397 14
5262666 5656397 5262666 4277580 1
4342355 4342355 5262666 5656397 1
4473921 21071 4473921 4473921 1
5656397 5522770 4476481 5262659 1
1280065859 5394264 1280065859 1280065859 1
4476481 5262666 5656397 5262666 1
5656397 5656397 5656397 1515472211 2
1280065859 4473921 5262659 5918282 1
5263182 5263182 75146145976141 5394264 1
75146145976141 4473921 4347219 4277580 1
1280065859 379472727885 4473921 5263184 1
5918282 5262659 5918282 1414743380 1
1280065859 5656397 5262659 23114 53
5656397 5262659 19530 5656397 3
5262659 4538954 5656397 379472727885 2
5262659 23114 5262666 1280065859 1
19530 5262666 5656397 5656397 1
5656397 1414743380 5918282 21071 1
19530 4277580 1280065859 21071 2
5262666 5656397 5656397 5525326 1
4347219 5390675 5656397 5656397 1
5656397 5656397 1515472211 1280065859 2
5522770 5262659 5656397 1515472211 1
1280658761 4473921 5656397 5262666 1
4277580 1280065859 21071 5262659 2
4342355 5656397 4473921 1280065859 1
5656397 1213420880 4347219 379472727885 2
4541514 5656397 5262659 23114 2
5656397 5262666 5262659 5656397 1
5656397 4670798 4342355 4476481 1
5656397 4347219 5390675 4473921 1
4277580 19530 5394264 5262659 1
5656397 387995094339 5656397 5394264 1
4538954 5656397 5656397 4347219 1
5394264 5394264 5656397 5394264 1
4538954 5656397 5263182 5262659 1
387995094339 5656397 5394264 1280065859 1
5656397 379472727885 5394264 4408644 1
4410953 5656397 5262666 5263182 1
5656397 5262659 23114 5656397 48
5262666 5656397 5262659 23114 3
5656397 5262659 5918282 4408644 2
5656397 5656397 5392467 4408644 2
4540234 5262659 23114 4277580 1
75146145976141 4410953 4473921 4277580 1
5394264 1280065859 1414743380 23114 2
5918282 5656397 5656397 1280065859 5
5656397 5656397 5262666 4277580 4
1515472211 5656397 5656397 4473921 1
23114 5656397 5262659 23114 7
5263182 5656397 4277580 5656397 1
4277580 4347219 4347219 4277580 2
4277580 5390675 4347219 4277580 1
1515472211 5656397 5656397 5262666 1
5262659 5918282 5262666 1280065859 1
4277580 5656397 5656397 4541514 1
4473921 23114 5656397 4473921 1
5918282 5262659 23114 5262666 1
5918282 4277580 5262659 4540234 1
5656397 5262659 18250 23114 1
4540234 5656397 5262659 5918282 1
5656397 1414743380 23114 5656397 8
21322 5656397 5656397 1280065859 2
1280065859 5656397 1280065859 5394264 8
4476481 1414743380 5656397 23114 1
5656397 379472727885 5394264 5656397 2
4347219 5656397 4277580 1280065859 1
4541514 5656397 5656397 4277580 2
4347219 5918282 5656397 4277580 1
5656397 5262659 4538698 379472727885 1
5918282 1414743380 23114 5656397 2
1414743380 5918282 1414743380 23114 1
4347219 5656397 5656397 5394264 5
5394264 4277580 5656397 1280065859 5
4347219 5656397 4476481 5656397 1
23114 5262659 23114 5262659 27
5656397 5656397 4277580 5262666 1
1414743380 5918282 4277580 1280065859 1
5656397 5262666 4473921 5263184 1
4473921 5656397 5262659 99292501986627 1
5656397 5522770 21071 4277580 1
5394264 5262659 23114 5394264 2
21322 5656397 4476481 4277580 1
4476481 5656397 4347219 5656397 1
4277580 4473921 5262659 19530 1
5263182 1213420880 4347219 5394264 3
5392467 4473921 5656397 4277580 1
5656397 5262659 387995094339 5656397 4
4538698 5656397 4473921 4473921 2
5262659 23114 4277580 4277580 24
4347219 4277580 1280065859 5656397 3
5263182 5263182 5656397 5262659 1
5262659 23114 4473921 4347219 8
5262666 21071 1280065859 5656397 1
5262666 4277580 1280065859 5262659 2
1280065859 4277580 4277580 4277580 4
5656397 1414743380 5656397 5656397 1
4277580 1280065859 5262659 387995094339 2
5656397 5656397 1280065859 75146145976141 1
5918282 1280065859 5262659 5918282 8
1280065859 5262659 19530 5656397 2
5918282 5394264 5262666 4277580 1
1280065859 5656397 5656397 4347219 9
1280065859 5656397 5394264 1280065859 9
5656397 5656397 1213420880 1213420880 14
5656397 1280065859 4277580 4670798 1
4277580 4473921 1280065859 5656397 1
23114 4277580 5262659 23114 2
23114 4473921 4347219 5918282 8
1414743380 5918282 5656397 5394264 1
4342355 1414743380 5918282 4277580 1
4347219 23114 4347219 4277580 1
5263182 5263182 4473921 5262666 2
1280065859 5656397 5262659 387995094339 5
4538954 5656397 5262659 19530 2
5394264 5656397 5656397 1280065859 28
23114 5656397 1414743380 5918282 1
5263184 5522770 5262659 5918282 1
5656397 21071 4277580 5656397 2
5656397 4277580 4476481 5262659 1
4473921 4347219 5918282 5262659 29
5918282 5656397 1280065859 5525065 1
4347219 5262666 4347219 5262666 1
5262659 5656397 387995094339 5656397 3
5656397 5656397 5262666 5262659 5
5262659 5918282 4277580 5262666 1
4347219 4277580 5656397 5394264 2
4410953 5656397 4473921 5656397 1
5918282 5262659 4540234 5262659 1
23114 5656397 1280065859 5262659 8
5394264 5262666 5656397 5262659 1
5656397 4277580 5656397 21071 1
5656397 4476481 4473921 5656397 2
5656397 1280065859 5262666 1280065859 2
4473921 5656397 5262659 306390715715 2
5656397 5656397 5656397 5394264 15
1280065859 5525065 5525065 5525065 1
1280065859 1414743380 21322 4277580 1
4538954 5262659 5918282 5656397 1
5656397 5262659 5918282 4277580 5
4541514 75146145976141 5394264 5656397 1
5656397 4473921 5262659 16970 1
5918282 5656397 1280065859 5263182 1
5525326 5656397 5656397 4473921 1
5918282 5461058 4277580 1280065859 1
5392467 5525326 4476481 5262666 1
1398035791 23114 20298 20298 1
379472727885 1280065859 5262666 5262659 1
5262659 5918282 5656397 5656397 33
5656397 1280065859 379472727885 5656397 8
4347219 379472727885 5394264 5656397 1
5656397 4670798 4277580 4277580 1
5656397 99292501986627 5656397 5394264 1
5656397 5656397 5392467 4476481 2
5262659 387995094339 5656397 5525326 1
1280065859 1414743380 23114 1414743380 1
5262666 5262659 5918282 5394264 1
5262659 327865552195 5262659 23114 1
1280065859 1195918168 5394264 5656397 1
5656397 5656397 5394264 1414743380 1
5656397 5656397 5522770 5263182 2
75146145976141 5656397 1280065859 5262659 1
5262659 5918282 5656397 1280065859 17
1280065859 5262659 5918282 5262659 3
1162953795 4277580 5262666 5656397 1
23114 5656397 5394264 4277580 1
5263182 5263182 5263182 5394258 1
4347219 4476481 4277580 1280065859 1
23114 379472727885 1280065859 379472727885 1
5918282 1280065859 5656397 5656397 2
4277580 5656397 4277580 99292501986627 1
5656397 4342355 4476481 21071 1
5656397 5262666 5394264 5394264 2
5263184 5522770 5656397 5394264 1
4476481 5656397 5394264 4277580 1
5394264 5656397 1280065859 1414743380 4
4473921 5262659 5918282 5656397 2
1280065859 5656397 5656397 4476481 1
23114 4277580 5656397 5656397 10
5390675 4347219 4277580 5656397 1
4277580 23114 4277580 4277580 6
5656397 4277580 4347219 5656397 1
5394264 5262666 5263182 5262659 1
23114 5262659 5918282 4476481 1
5394264 1414743380 1515472211 5656397 1
1280065859 5262659 19530 379472727885 1
21071 1262702412 4473921 23114 1
5394264 5262659 23114 5656397 5
1280065859 5262659 23114 5394264 7
5262666 4277580 1280065859 4277580 2
23114 4277580 1280065859 5656397 8
4277580 5656397 1280065859 379472727885 8
5263182 5263182 5394258 5262666 1
5522770 4473921 4473921 5656397 1
5262659 23114 4277580 1280065859 11
5394264 5262666 5656397 4277580 5
4476481 5656397 5656397 1280065859 1
4347219 4473921 5656397 5656397 2
4473921 5656397 4473921 21071 1
4277580 5394264 5656397 1280065859 22
5262659 5918282 5394264 1280065859 1
4473921 5656397 5262666 1414743380 1
1280065859 5263182 5656397 5656397 1
5394264 1280065859 4277580 5656397 10
5390675 4277580 4473921 4347219 1
5918282 5262659 327865552195 5262659 1
4277580 4347219 1280658761 4473921 4
5262659 327865552195 5656397 5656397 1
5394264 5656397 4277580 5656397 5
5918282 5656397 5394264 5656397 4
4538698 1414743380 5918282 5656397 1
4476481 5262659 23114 5262659 1
4408644 5656397 5656397 5262666 2
23114 5656397 75146145976141 4670798 1
1280065859 4277580 5262659 4540234 2
5656397 1280065859 4277580 1280065859 7
4277580 1280065859 5656397 5394264 4
5262659 387995094339 5656397 5394264 1
1280065859 379472727885 1280065859 5262666 1
4277580 5262659 4540234 5656397 1
5262659 99292501986627 1280065859 5656397 4
5656397 1280065859 75146145976141 5656397 1
5656397 1280065859 5262666 5392467 1
1280658761 4473921 4473921 5656397 1
5656397 1280065859 4277580 5394264 5
4277580 1280065859 5656397 4347219 1
5656397 5262659 5918282 21071 1
4277580 5656397 4277580 4347219 2
5262666 4473921 5656397 5262659 1
1280065859 5656397 5262666 5394264 3
23114 4473921 5656397 5262659 1
1280065859 5656397 5262659 4538954 8
5656397 5394264 5656397 5262659 2
1414743380 5918282 4410953 5656397 1
5656397 5656397 1280065859 1414743380 7
5262659 23114 379472727885 1280065859 1
5522770 4342355 4342355 5262666 1
1447642185 5262659 23114 4408644 1
4277580 5656397 5656397 21071 1
1280065859 4277580 5656397 5262659 2
5262666 5656397 1280065859 5262659 3
5656397 5656397 5656397 5522770 3
5656397 5262659 5656397 19530 12
23114 4277580 5262659 16714 1
5262666 5262659 23114 5394264 1
4473921 19530 4473921 4473921 1
1280065859 5262659 19530 5262666 1
1280065859 5262659 23114 5262659 24
1280065859 75146145976141 4473921 4347219 1
5656397 1414743380 387995094339 5656397 1
5656397 4541514 5656397 4473921 1
1280065859 5656397 5394264 5394264 20
4670798 5656397 4342355 5394264 1
5918282 5394264 5262666 5656397 4
5656397 5394264 5656397 4347219 2
5262659 5918282 5262666 5656397 3
1280065859 4277580 5656397 4277580 2
5262666 4277580 1280065859 5263182 1
5262659 5918282 4277580 1280065859 5
4277580 4277580 4473921 5656397 2
1280065859 1280065859 5656397 5656397 1
4277580 5262659 23114 1280065859 1
5918282 1414743380 23114 1414743380 1
4473921 4473921 19530 4473921 1
5656397 5262666 1414743380 5918282 1
5656397 1280065859 75146145976141 5392467 1
1515472211 1280065859 5656397 5656397 3
5656397 4476481 4476481 4277580 1
4277580 5656397 5262659 23114 4
5262666 4277580 5262666 5394264 1
5656397 1280065859 5394264 5394264 7
5263184 5522770 1280065859 5263182 2
5656397 4473921 4670798 5656397 1
5262659 18250 5262666 5656397 1
4277580 5262659 23114 4277580 1
5394264 5262666 5656397 4670798 1
5656397 5262659 306390715715 4347219 1
23114 4347219 4277580 23114 1
5656397 5656397 5461058 5656397 2
5656397 4277580 1280065859 5262659 11
23114 4277580 1280065859 5262659 3
4277580 5656397 4277580 5262659 1
23114 5262659 4538698 5656397 2
5918282 5656397 1280065859 1414743380 1
21071 5262666 5656397 5394264 1
5394264 5262666 5656397 5394264 2
4277580 1280065859 5656397 5262659 13
23114 5262659 5918282 4277580 1
1414743380 4277580 4277580 387995094339 1
5522770 5656397 5522770 5263182 1
5263182 5656397 5656397 1213420880 18
5262659 5918282 5262659 327865552195 2
5262659 23114 5262659 5918282 21
5656397 1280065859 5262659 4277580 2
5656397 5656397 5262659 4538954 3
1280065859 5656397 5656397 4277580 32
4277580 5656397 4476481 4473921 1
23114 5262659 4538954 5656397 2
23114 5262659 23114 21071 2
5656397 4476481 4476481 5394264 1
1280065859 5262659 5656397 5656397 2
23114 4277580 4277580 4277580 1
5262659 5918282 1414743380 5918282 1
4342355 5394264 5394264 4476481 1
5656397 5522770 5263182 5263182 4
1280065859 5262666 5394264 5262666 1
75146145976141 4277580 4473921 5262659 1
21322 4277580 4277580 5656397 2
5394264 4277580 4277580 5656397 4
4347219 5656397 4277580 4277580 2
5918282 5394264 5262659 4538954 1
5656397 5656397 4347219 5656397 9
4476481 5656397 5656397 5392467 1
1280065859 5656397 5656397 1280065859 40
5656397 5656397 4342355 5656397 1
5918282 1280065859 1414743380 23114 1
19530 5262659 5918282 4473921 1
23114 5262659 4538698 379472727885 1
5394264 1280065859 5394264 5656397 1
379472727885 4410953 5656397 379472727885 1
1280065859 5262659 23114 5262666 2
4347219 4476481 4476481 5656397 2
5394264 5656397 5522770 4476481 1
21071 4277580 5656397 5325891 1
4347219 4476481 5656397 4277580 1
23114 379472727885 5262659 23114 32
1280065859 5262659 19530 4277580 8
23114 5656397 5394264 1280065859 1
5656397 5392467 4476481 5656397 2
1280065859 5656397 5262659 5656397 3
5656397 4347219 4347219 5262659 1
5918282 5656397 5656397 5656397 17
4473921 5656397 379472727885 5262659 1
5262666 1280065859 4277580 5656397 1
5656397 5263184 5522770 1280065859 1
4473921 5262659 16970 4410953 1
387995094339 5656397 5262659 5918282 1
5656397 5656397 5392467 5262659 1
5656397 5262666 5656397 4347219 1
75146145976141 4473921 5394264 5262659 1
4540234 5262659 4540234 5656397 1
4473921 5263184 5522770 5262659 2
1195918168 5262666 5656397 1280065859 1
5263182 5656397 5656397 5656397 21
1280065859 5263182 5262666 5656397 7
4473921 5656397 379472727885 1280065859 1
5392467 5525326 4476481 5918282 1
5656397 5656397 4277580 5394264 5
23114 5262659 5656397 5656397 1
379472727885 5656397 5656397 5262659 1
5394264 1280065859 5394264 4277580 1
1280065859 1414743380 21322 5394264 1
5262659 4540234 5262659 5918282 1
4670798 5656397 1280065859 5656397 1
5262659 4538954 5262659 5262666 2
5656397 75146145976141 5656397 1280658761 1
5262659 23114 5656397 5262659 12
1414743380 5918282 21071 5262666 1
5262659 19530 5656397 1280065859 1
5656397 1414743380 23114 4476481 1
5262666 5262659 5918282 4277580 4
5656397 5262659 75146145976141 4277580 1
5394264 1280065859 4277580 4277580 2
5325891 4277580 5656397 4476481 1
99292501986627 5262666 5656397 5262666 1
5918282 1280065859 5262659 23114 4
4347219 4347219 1280065859 5262666 1
4473921 75146145976141 4476481 75146145976141 1
5656397 5262659 23114 1280065859 6
99292501986627 1280065859 5656397 5394264 4
5656397 1280065859 5394264 1280065859 2
4277580 5656397 4347219 5656397 3
387995094339 5262659 5918282 1280065859 1
5262666 5656397 4476481 5262659 1
5656397 1280065859 1414743380 5918282 7
1280658761 4473921 4277580 5262659 2
5656397 4277580 379472727885 5262659 1
5262666 5262659 5918282 5262666 1
5394264 5262666 4277580 5394264 1
1515472211 5656397 5262666 5656397 1
5394264 5656397 4476481 5656397 1
23114 1280065859 5656397 1280065859 1
5656397 4473921 379472727885 379472727885 1
5262666 5262659 5918282 5262659 2
4277580 5394264 1280065859 5656397 1
1280065859 4277580 5394264 5656397 4
5262659 5656397 4541514 5656397 2
5656397 4277580 4347219 1280658761 4
5656397 5394264 5656397 5656397 42
4473921 5656397 1280065859 4277580 1
5656397 5656397 1280065859 4410953 2
5394264 5656397 1280065859 5656397 58
5263182 5263182 5656397 379472727885 1
5918282 75146145976141 5262659 4538698 1
23114 5262659 4538698 4473921 2
5262659 16970 4473921 4410953 1
5262659 4541514 5262659 4541514 1
5656397 5262659 23114 4277580 20
4473921 5522770 5263182 5263182 13
4342355 4476481 4473921 1280065859 1
5262659 5262666 5918282 5262666 1
5262666 5918282 5262666 5263182 1
5394264 4476481 5656397 4347219 1
5263182 5262666 5394264 5656397 1
23114 21071 4277580 1280065859 1
4473921 5656397 4999251 4347219 1
23114 5656397 4473921 5263184 4
5656397 5394264 4670798 5656397 1
4277580 4277580 5656397 4347219 1
5394264 5656397 1280065859 5525065 1
5656397 379472727885 5262659 23114 1
5656397 4347219 5656397 5656397 3
1280065859 5394264 4277580 4277580 3
4277580 4277580 1280065859 4277580 5
379472727885 4277580 4277580 4473921 1
5656397 5262666 1280065859 5262659 1
5262659 23114 4347219 5656397 7
5262659 5918282 5656397 4277580 9
5656397 5394264 5262659 5656397 1
4277580 5656397 4347219 4277580 5
5656397 5394264 5656397 4476481 1
1414743380 5918282 5394264 1195918168 1
1414743380 23114 5262659 23114 1
5656397 5262666 5656397 4277580 8
5656397 5262659 23114 75146145976141 1
4277580 5656397 5394264 5656397 17
5262666 4473921 5656397 75146145976141 1
4342355 4342355 5262666 5263182 1
21322 4473921 21322 4473921 1
5656397 5656397 1280065859 379472727885 1
5262666 5262659 4538954 5262659 2
5918282 5262659 23114 5656397 13
5262659 23114 4408644 5656397 1
4277580 5394264 4999251 4473921 1
18250 23114 5394264 5262659 1
5263182 5656397 379472727885 5394264 1
5656397 5656397 5394264 1280065859 16
1280065859 5656397 5656397 21071 2
4277580 5656397 99292501986627 5262659 1
5656397 4473921 5263184 5262666 2
5394264 5522770 5656397 5522770 1
4277580 4670798 5656397 4342355 1
4277580 1280065859 5656397 5395522 1
1414743380 23114 1280065859 379472727885 1
5656397 5656397 1280065859 4347219 1
23114 5394264 4277580 4277580 1
1280065859 5262659 23114 4277580 23
379472727885 5262659 23114 4408644 1
1280065859 5394264 5262659 23114 5
75146145976141 5394264 5656397 4473921 1
4473921 21322 4473921 21322 1
4347219 5656397 5262659 23114 3
5394264 1280065859 4473921 5263184 4
1280065859 75146145976141 5392467 5262659 1
4670798 4473921 75146145976141 4476481 1
5656397 4473921 21071 4473921 1
1280065859 5656397 1280065859 21071 1
5262666 1280065859 5262666 5263182 1
4347219 5394264 5656397 5656397 4
1280065859 5262666 1195918168 5262666 1
5262659 4538698 5262659 5918282 1
5394264 5394264 1280065859 5262666 1
4347219 4473921 5325891 4347219 1
23114 5394264 4473921 5522770 1
5656397 21071 5656397 5656397 2
4277580 1195918168 5262659 23114 1
1280065859 5656397 4347219 5656397 1
5656397 5656397 5262659 19530 1
5656397 5262659 1515472211 5262659 1
5262659 16714 5262659 19530 1
5263184 5522770 4342355 4342355 1
1280065859 5656397 5656397 5392467 1
379472727885 4473921 5656397 4473921 1
5918282 5656397 5656397 5262659 3
4473921 4473921 4473921 5262659 1
4342355 5262666 5656397 5262659 1
23114 1280065859 5394264 5656397 1
5262659 5918282 1280065859 5525065 1
21071 1280065859 1414743380 5918282 1
379472727885 5262659 23114 5656397 26
5656397 5392467 5656397 1280065859 1
4473921 4473921 21322 4473921 1
1280658761 284865549395 4342355 4342355 1
1280065859 5262659 4277580 19530 1
5262659 5918282 5262659 23114 6
5394264 1280065859 5656397 5394264 4
5262659 4277580 1515472211 5656397 1
4347219 5656397 5656397 4277580 5
1280065859 4473921 5522770 5263182 5
5522770 23114 5656397 5656397 1
4473921 4347219 5918282 5656397 4
5262666 5656397 5656397 21071 2
5656397 5262666 4476481 5656397 1
5918282 5656397 1280065859 5656397 9
5394264 5656397 1280065859 5263182 2
5262666 5262659 5656397 23114 1
1414743380 21322 5656397 4277580 4
5656397 4277580 5394264 5656397 20
4473921 4347219 5656397 1280065859 1
5656397 21071 1280065859 5656397 1
1280065859 1414743380 23114 5262659 1
5656397 306390715715 5656397 5656397 1
4473921 1280065859 5656397 5262659 1
4277580 75146145976141 4473921 1280065859 1
5656397 5656397 4473921 4473921 1
5656397 5656397 5263184 5263184 6
5656397 1280065859 5656397 4277580 41
5263182 5263182 5394264 5522770 1
5262666 1280065859 5656397 5656397 1
4277580 4277580 4277580 5394264 1
4277580 5262666 5656397 5262666 1
5394264 5262659 5918282 5656397 3
16970 5656397 4277580 5656397 6
16714 4410953 5656397 5262666 1
4277580 5394264 1280065859 5263182 1
5390675 5656397 4473921 5656397 1
5656397 23114 5656397 5262666 1
5656397 5656397 5656397 379472727885 1
4473921 1280658761 284865549395 4342355 1
23114 5656397 5262666 5656397 7
1280065859 5656397 5262666 4410953 1
5262659 19530 5262666 5656397 1
4347219 5656397 21071 4277580 1
4473921 5656397 5656397 5656397 5
4277580 4277580 5656397 5656397 40
5656397 4277580 5656397 1414743380 1
5262659 16714 5262659 5918282 1
4476481 1280065859 5656397 5656397 2
379472727885 4347219 23114 4347219 1
4476481 4277580 5656397 4277580 1
5656397 5656397 99292501986627 5656397 1
5262659 18250 5262659 5918282 2
5656397 5262666 4410953 5656397 1
5262666 5394264 5262666 5394264 1
4408644 4410953 5262659 19530 1
5656397 5394264 75146145976141 5656397 3
5262659 4538698 1414743380 5918282 1
23114 5656397 4347219 4347219 2
387861202259 5262659 23114 5262659 1
4277580 5262659 4540234 75146145976141 2
5656397 4347219 4347219 5656397 7
4473921 5656397 4473921 1280065859 1
1280065859 5656397 4347219 4277580 1
1280065859 4277580 5656397 1280065859 11
5656397 1280065859 5656397 4410953 1
5262666 4277580 1280065859 1414743380 1
5656397 5262659 306390715715 5656397 1
5262659 4277580 4277580 5656397 1
5262666 1280065859 5394264 1280065859 1
5656397 5392467 5525326 4476481 2
75146145976141 5394264 5656397 5656397 1
5394264 5656397 5656397 5656397 48
1280065859 5656397 5262659 1515472211 1
5262659 19530 1162953795 5262659 1
5262666 4410953 5656397 5262666 1
1280065859 5656397 4473921 5656397 2
5656397 1414743380 5918282 5394264 2
5262666 1280065859 5262666 5656397 2
21322 5656397 5656397 5394264 3
4347219 284915879235 5656397 5262659 1
5656397 5262659 4538698 1414743380 1
23114 5656397 1414743380 23114 1
5918282 5656397 5262666 5263182 1
5656397 5656397 5656397 5263184 13
4473921 4473921 4347219 5918282 2
23114 5394264 5656397 5656397 6
5262666 5656397 5656397 5262666 8
5918282 5262659 23114 5262659 3
5656397 5394264 5394264 1262702412 1
4277580 5394264 4277580 5656397 1
5656397 5656397 1414743380 4277580 1
1213420880 5656397 1280065859 4347219 1
5262659 5918282 4277580 4277580 2
1414743380 21322 5656397 1280065859 2
5394264 5262666 5656397 1280065859 2
5262666 5394264 5262659 23114 3
5656397 5394264 4277580 5656397 5
4347219 5918282 5262659 23114 11
4277580 4277580 4347219 4277580 1
5262666 5394264 5262666 4473921 1
379472727885 4999251 5392467 4473921 1
16714 23114 5656397 4473921 1
5656397 5656397 99292501986627 1280065859 1
4473921 4473921 4410953 5262666 2
5656397 5262659 99292501986627 5262666 1
4473921 4277580 5262659 4541514 1
5656397 1414743380 5918282 1414743380 1
5263182 5262666 5263182 5263182 22
5918282 5262659 5918282 1280065859 1
5263182 5656397 5522770 5263182 1
4277580 5394264 5656397 5394264 2
5394264 5656397 5262666 5394264 1
1213420880 4347219 21071 1262702412 1
1414743380 5918282 4277580 5656397 1
5262659 4540234 5262659 23114 1
4999251 4473921 5262659 5918282 1
5394264 5262666 1280065859 5262659 1
5394264 5394264 5656397 5656397 15
23114 5262659 16714 5262659 3
1280065859 4277580 1280065859 5656397 8
5656397 5656397 5656397 1213420880 20
4277580 4473921 4347219 5656397 1
5262666 379472727885 4277580 5656397 1
4277580 5394264 1280065859 4277580 3
5522770 5394264 5262666 5394264 1
5262666 5656397 5262659 5918282 6
5918282 5262659 23114 4473921 1
1280658761 5656397 1280658761 4347219 1
5525065 5262659 5918282 1280065859 1
5394264 5262666 4277580 5656397 2
5656397 1280065859 5262666 5656397 26
4410953 5262666 4473921 5262666 1
5394264 5656397 5656397 4277580 9
5262659 4541514 4277580 5656397 1
5262666 5394264 5656397 5262666 1
5394264 1280065859 5263182 5262666 1
5656397 1280065859 5394264 5262659 11
5262659 5918282 379472727885 5656397 1
5656397 5656397 1280658761 4473921 1
5262659 16970 5656397 4473921 1
5394264 5656397 5262659 5918282 1
23114 5262659 16714 5656397 2
16714 5656397 5262666 4277580 2
1280065859 5656397 5262659 4277580 1
23114 75146145976141 5656397 4277580 1
1280065859 5656397 4473921 5263184 10
5656397 5392467 4408644 5656397 2
5656397 1280065859 5394264 5262666 7
5262659 16714 5262659 16714 2
5656397 5263184 5522770 5394264 1
5918282 5394264 5262666 4347219 1
4540234 5656397 5656397 5656397 1
5263182 5263182 4347219 4277580 2
1213420880 1213420880 5656397 1280065859 1
4277580 5656397 5656397 5656397 60
5918282 5656397 5656397 4473921 3
5522770 5394264 5262659 5918282 1
5656397 5262659 387861202259 5262659 1
5656397 5262666 5656397 5394264 3
5656397 5461058 5656397 1280065859 2
1414743380 23114 4277580 4277580 4
5656397 5394264 5522770 5263182 2
5656397 5656397 5262659 5656397 2
4277580 1280065859 5262659 23114 10
4473921 4473921 5656397 5656397 1
5262659 16714 4277580 4347219 2
1280065859 4277580 4347219 4277580 1
4473921 5262659 4540234 75146145976141 2
1280065859 4277580 5394264 1280065859 1
19530 4473921 4473921 4473921 1
23114 5656397 5262659 4538954 1
5918282 5262659 387861202259 5656397 1
5394264 4277580 4347219 284915879235 1
5262659 19530 5262659 5918282 2
5918282 5262666 4473921 5656397 2
5525065 5525065 5525065 5262666 1
4540234 5656397 1280065859 5656397 2
4347219 5656397 5656397 4347219 1
5656397 1280065859 5262659 18250 1
4277580 1280065859 5395522 5656397 1
1414743380 5459530 5656397 5656397 3
1213420880 4347219 379472727885 5656397 1
5656397 1280065859 5656397 5262659 62
1280065859 4277580 5656397 5656397 25
5262666 1414743380 5918282 5262659 1
5656397 387995094339 5262659 4277580 1
23114 5262659 4541514 5656397 1
5262659 23114 1280065859 5656397 6
23114 5656397 1280065859 1414743380 1
5918282 1414743380 5918282 5656397 1
5656397 4347219 4473921 5262659 6
5656397 5656397 5656397 5461058 1
5394264 5656397 1280658761 5656397 1
1162953795 5262666 4277580 4347219 1
5918282 1280065859 5656397 5262666 3
5656397 5656397 5262659 23114 22
5262659 4538698 5262659 19530 1
5262659 5656397 5656397 5656397 2
4410953 5262659 19530 5262659 1
1280065859 4410953 4473921 5262659 2
5656397 1280065859 5262659 4540234 2
23114 5394264 1280065859 5656397 1
4410953 5656397 5262666 5262659 2
5656397 5394264 5394264 5656397 33
5656397 5656397 5394264 4410953 1
4410953 5522770 5394264 1280065859 1
379472727885 5262659 23114 5262659 4
387861202259 5656397 5262666 5656397 1
5656397 4541514 5656397 5656397 1
387995094339 1414743380 23114 5656397 1
1280065859 5262659 23114 5656397 36
23114 5656397 4277580 5262659 1
1280065859 4277580 4277580 93807527219021 1
5656397 4342355 5656397 4277580 1
5918282 4277580 1280065859 5262666 1
75146145976141 4473921 1280065859 5656397 2
5918282 5656397 5262666 4473921 1
1280065859 4277580 1280065859 4473921 3
5390675 4347219 1280065859 5656397 1
5262659 23114 21071 4277580 2
4347219 5656397 4347219 4473921 6
5262659 16714 5656397 5262666 2
5918282 5262659 5918282 5262659 4
5461058 5656397 1280065859 5262659 2
4347219 4277580 1280065859 5394264 1
5656397 4473921 5263184 5522770 28
1280065859 5656397 5262666 5263182 1
5522770 5262659 5918282 5656397 1
4277580 5394264 5656397 4277580 4
5262659 4538954 5656397 5262659 3
5262659 16970 5656397 5656397 1
5263182 5262666 1280065859 5263182 1
4473921 5263184 5522770 4342355 1
23114 4277580 5656397 5394264 2
5262659 23114 5262666 5262659 2
5262666 387861202259 5656397 5656397 1
19530 4277580 1280065859 5262659 4
5262666 4476481 4277580 5656397 1
4541514 5656397 5656397 1414743380 1
4473921 5263184 5263184 5263184 17
5918282 5656397 5394264 5394264 2
5263182 5263182 5262666 5263182 15
5656397 5262659 23114 4347219 2
1280065859 5656397 4410953 75146145976141 1
4277580 5394264 5262659 23114 1
4473921 5656397 5262659 23114 1
5394264 5262666 5656397 5656397 3
4347219 5262659 23114 5262659 1
1414743380 23114 5656397 1280065859 6
23114 5656397 5656397 1280065859 10
5262666 4473921 5263184 5522770 1
5262659 4540234 75146145976141 5656397 2
5263184 5522770 4473921 4473921 1
75146145976141 5656397 5394264 5656397 1
1280065859 5262666 4277580 5656397 3
1280658761 4347219 4473921 4277580 1
5262666 5656397 4670798 4342355 1
1213420880 4347219 5394264 5262666 1
1280065859 5262659 18250 5262659 2
1280065859 4476481 5656397 4277580 3
99292501986627 5656397 1414743380 99292501986627 1
5262659 5656397 5656397 1515472211 2
4277580 4473921 5656397 379472727885 1
1414743380 5918282 5262659 5918282 4
4476481 5656397 5656397 23114 1
5656397 5394264 1280065859 1414743380 2
1280065859 5263182 5262666 4277580 4
5656397 4277580 5656397 4347219 8
5263182 5262666 5262659 5918282 2
5656397 23114 5656397 1280065859 1
1414743380 99292501986627 5656397 4277580 1
5656397 75146145976141 4277580 4277580 1
5656397 5263184 5522770 5656397 1
5918282 1280065859 5656397 4277580 2
5656397 5394264 5656397 379472727885 3
5262666 4277580 1280065859 5262666 1
5263182 5656397 5262659 387995094339 1
5918282 5656397 5262659 1515472211 1
5656397 5656397 5262666 5394264 1
5918282 4410953 5656397 5262666 1
5656397 379472727885 5656397 5656397 1
5262659 23114 75146145976141 4277580 1
4277580 1280065859 4277580 4277580 3
23114 379472727885 4476481 1162953795 1
387861202259 1280065859 5656397 5656397 1
5918282 5656397 5262659 5918282 9
4347219 4277580 4277580 5262659 2
4538954 4347219 379472727885 5262659 1
5263184 5263184 5263184 5263184 44
5656397 1515472211 21071 5656397 1
23114 4408644 5262659 4541514 1
16970 5394264 5522770 5656397 1
5262666 4277580 5394264 5394264 2
379355287373 379355287373 1280065859 5262666 1
5656397 4347219 5390675 5656397 1
5656397 1280065859 5262659 23114 76
5656397 5656397 1414743380 5918282 2
5525326 4476481 5656397 5656397 1
4540234 75146145976141 4277580 5656397 2
5656397 1280065859 5262666 5262659 5
5656397 5656397 5656397 5392467 5
5656397 5525326 4476481 5656397 1
4473921 5656397 5262666 5262659 1
23114 4347219 23114 5656397 1
5656397 1280065859 4347219 5656397 2
1280065859 4277580 1280065859 5263182 1
5522770 5656397 5262666 4277580 1
5263182 5263182 1213420880 1213420880 3
5656397 379472727885 379472727885 5656397 6
1280065859 5656397 4476481 4476481 1
1414743380 23114 1414743380 23114 1
4277580 5656397 5262666 4476481 1
5656397 1280065859 5656397 5262666 20
4347219 5656397 4347219 5656397 1
1414743380 5918282 5656397 5656397 4
5656397 4277580 4347219 4277580 1
5918282 5262666 5656397 1280065859 1
5656397 5392467 5656397 5656397 3
5656397 4277580 5656397 379472727885 7
5394264 5262659 1515472211 5656397 1
4347219 23114 4347219 23114 28
5656397 5262659 5918282 5262659 6
5656397 19530 4277580 4277580 2
5656397 5656397 1280065859 1195918168 1
4410953 5656397 5262666 5656397 1
5656397 5394264 4277580 379472727885 1
5394264 1280065859 5262659 23114 4
4473921 19530 4473921 19530 1
5262659 23114 5262666 5263182 1
5525326 5656397 5262666 5263182 1
1280065859 5656397 5262659 99292501986627 1
5656397 4347219 23114 5262659 1
4408644 5656397 4410953 5656397 1
4277580 4347219 23114 4347219 1
4277580 5262666 5394264 5262666 1
5263182 5263182 5656397 4277580 1
5262666 1414743380 23114 5656397 3
5918282 4277580 5262666 5262659 1
1280065859 5262659 5918282 4277580 2
75146145976141 5394264 5656397 1280065859 2
5656397 5262659 5656397 4540234 3
5263182 5394258 5262666 4476481 1
4347219 4347219 1280065859 5656397 3
5525326 4476481 5918282 5262666 1
5394264 5262659 23114 4277580 2
5656397 1262702412 4410953 5522770 2
5262666 5656397 5262666 5394264 1
5656397 5262666 4473921 5262659 2
4277580 75146145976141 4473921 4473921 1
5656397 5656397 4277580 5262659 2
5262659 5262666 5263182 5263182 1
21071 5656397 5656397 5656397 2
5390675 5656397 5392467 4473921 1
5918282 21071 4277580 1280065859 2
5262659 5918282 1280065859 1414743380 1
5262659 5918282 5262659 4540234 2
5262666 5656397 4277580 1280065859 3
5394264 21071 5656397 1280065859 2
23114 5656397 5394264 5656397 5
4277580 1280065859 4473921 5262659 2
5262659 5656397 99292501986627 1280065859 4
5656397 4277580 1280065859 4473921 1
4476481 5394264 5656397 4277580 1
5262659 4277580 5918282 5394264 1
1414743380 23114 4277580 1280065859 1
5263184 5522770 4347219 23114 1
5656397 5262659 5918282 1280065859 4
1280065859 1414743380 5918282 5656397 4
23114 5394264 5656397 5262666 2
5656397 23114 5656397 75146145976141 1
1280065859 1414743380 21322 5656397 2
5263182 5394264 5262666 5394264 1
4277580 4277580 5394264 4999251 1
5656397 4277580 1280065859 5394264 1
5394264 5656397 1280065859 1280065859 1
5262659 23114 5656397 5656397 40
75146145976141 5656397 4277580 1280658761 1
5656397 23114 4347219 23114 4
5656397 5656397 5394264 5394264 5
5918282 5262659 16970 4473921 1
5522770 5262659 4277580 5656397 1
4277580 4277580 5394264 5656397 13
5656397 5656397 1280065859 4476481 3
5262659 4540234 5656397 5262659 2
1280065859 4473921 5656397 5656397 1
5656397 1280065859 5262666 5263182 1
18250 23114 4347219 23114 1
23114 5394264 1280065859 5262659 1
4540234 5262659 5262666 5918282 1
5262659 16970 5656397 4277580 6
5918282 5656397 4347219 5262659 1
5656397 5656397 4277580 4473921 1
5656397 5656397 4476481 5656397 2
4473921 5262659 5656397 4541514 1
5262659 16970 5394264 5522770 1
4277580 5656397 4277580 1280065859 4
4347219 5656397 4277580 23114 6
5656397 1280065859 1280065859 5262659 1
4277580 4347219 284915879235 5656397 1
5656397 1280065859 5656397 4473921 8
4410953 5262666 5656397 5656397 1
4473921 4473921 4473921 5656397 1
19530 5262659 4538698 75146145976141 1
5918282 1280065859 5525065 5394264 1
5262666 5656397 5262666 4473921 2
4347219 5656397 5656397 5262659 1
4347219 4277580 5656397 1280065859 1
5656397 5262659 4277580 5656397 5
5656397 4342355 4476481 1280065859 2
5262666 1195918168 5262666 5656397 1
4347219 1280065859 5656397 1280065859 2
4277580 5262666 5262659 23114 3
4277580 5656397 1414743380 23114 1
5262659 23114 5262659 23114 47
5918282 4473921 5262666 5656397 1
5918282 5394264 4277580 5656397 1
5390675 5656397 1280065859 5656397 1
5262659 23114 5656397 4347219 2
5656397 5394264 1280065859 4277580 11
5262659 23114 5656397 5394264 9
306390715715 5656397 5656397 4347219 1
5656397 1280065859 5262659 5918282 23
5394264 5656397 4473921 379472727885 1
5262666 5262666 5656397 5656397 1
4342355 5656397 4277580 4476481 1
5262666 5656397 4277580 5656397 13
5656397 4473921 1280065859 1414743380 1
4277580 4277580 387995094339 5262659 1
5394264 1280065859 5656397 4473921 5
5263182 5263182 5656397 1213420880 13
4347219 379472727885 5656397 5656397 1
379472727885 5656397 1280065859 4277580 1
5394264 5656397 5656397 5262666 1
5394264 5262659 18250 23114 1
4473921 4347219 4277580 5918282 1
1280065859 5263182 5262666 5262659 2
75146145976141 5656397 1280658761 4347219 1
5262659 23114 5394264 4473921 1
1213420880 4347219 5656397 5262659 1
4410953 4277580 5262659 19530 1
5656397 1280658761 5656397 1280658761 1
5918282 5656397 5262666 5656397 12
1213420880 4347219 5656397 4277580 1
5262666 5656397 1280065859 1162953795 1
23114 4277580 5394264 5656397 3
4476481 5262666 5394264 4473921 1
5262659 19530 5394264 4277580 1
5656397 4347219 5262659 5918282 1
5262659 4541514 5656397 5656397 3
1280065859 379472727885 4473921 5656397 1
5262659 5918282 5262659 5918282 18
19530 5262659 23114 5656397 1
4408644 5656397 5656397 5656397 1
16714 4277580 4347219 4347219 2
4277580 4277580 5325891 5656397 1
5656397 5262659 4538954 5262659 1
4347219 5262659 5918282 5656397 1
1414743380 23114 4476481 5394264 1
4473921 5262659 18250 5262666 1
5656397 5656397 4473921 4670798 1
1280065859 5262666 5262659 23114 3
4277580 5262666 5262659 4277580 1
5656397 5656397 5522770 5656397 1
21071 1280065859 5656397 5262659 1
1414743380 5656397 23114 5656397 1
4473921 5394264 5656397 4473921 1
1414743380 21322 5656397 5656397 15
1414743380 23114 5656397 4277580 1
23114 4277580 5394264 5394264 4
5918282 4277580 4277580 5656397 1
4476481 5394264 1280065859 1414743380 1
1280065859 5656397 5262659 5918282 16
5656397 4347219 4473921 5656397 2
4473921 5656397 4347219 5656397 1
5459530 5656397 5656397 5656397 1
4342355 4342355 1414743380 5918282 1
5656397 5656397 4277580 4670798 1
5656397 387995094339 5656397 5262659 1
5656397 4277580 5656397 4277580 7
5656397 4277580 1280658761 4473921 1
23114 5262659 5918282 5656397 13
379472727885 4277580 1414743380 23114 1
4473921 5656397 5656397 1280065859 4
5262659 1515472211 5656397 5656397 1
4277580 1280065859 5262659 19530 6
5918282 4473921 5262666 5263182 1
4408644 5656397 5656397 5394264 1
4476481 1162953795 4473921 5394264 1
5394264 1414743380 23114 1280065859 1
4277580 4277580 21071 5656397 1
5262659 4277580 5656397 99292501986627 2
1162953795 4473921 5394264 5656397 1
23114 5262666 5394264 5262666 1
23114 4347219 5656397 4347219 6
4473921 5656397 4408644 5656397 1
4476481 5656397 4476481 4476481 1
4473921 4410953 5262666 4473921 1
23114 5394264 5262659 18250 1
4473921 4541514 4473921 1280658761 1
1280065859 5262666 1280065859 5262666 1
4277580 4347219 4277580 5262659 3
5656397 5394264 5394264 4277580 6
5656397 5656397 1414743380 91595920592195 1
379472727885 5656397 5656397 5262666 1
5262659 23114 4473921 5656397 2
5394264 5394264 4277580 5656397 3
5918282 5656397 5262666 1280065859 2
5656397 5394264 1414743380 23114 1
1280065859 5656397 5656397 5262666 2
5918282 5656397 1280065859 5262659 2
5656397 5656397 1280065859 4277580 31
5392467 5656397 5656397 5656397 3
23114 4476481 4277580 5656397 2
5656397 4277580 5262659 23114 18
5656397 5522770 5656397 5262666 1
5325891 4347219 5390675 4347219 1
5656397 5262666 5262659 23114 8
5656397 99292501986627 1280065859 5656397 5
5394264 5262659 19530 5394264 1
99292501986627 5656397 4277580 5656397 1
1414743380 23114 1414743380 5918282 1
99292501986627 1280065859 5656397 5656397 2
19530 5656397 1280065859 5262659 1
5656397 5395522 1414743380 5918282 1
5262666 5656397 5394264 5394264 3
4347219 4347219 5656397 4277580 6
23114 21071 4277580 5656397 1
4347219 5394264 5656397 4277580 2
5656397 4277580 4277580 4473921 1
1280065859 1280065859 4277580 5394264 1
5656397 387861202259 1280065859 5656397 1
5656397 5262659 5918282 5394264 8
23114 4473921 5656397 5656397 1
1280065859 5262666 1280065859 5262659 1
5262659 19530 5656397 4277580 2
5262659 5918282 75146145976141 4277580 1
1280065859 5656397 4277580 4476481 1
1414743380 99292501986627 5262659 5918282 1
5262659 5918282 5656397 4473921 1
4277580 5656397 4277580 379472727885 1
1414743380 5656397 5656397 99292501986627 1
5656397 5262659 16970 5656397 2
4347219 23114 5262659 5918282 9
5656397 4347219 4410953 1414743380 1
4277580 5656397 387995094339 5656397 1
5262659 23114 5262659 16714 6
5656397 5394264 1414743380 387861202259 1
5263182 5263182 5263182 1213420880 16
4277580 4277580 4277580 5656397 20
4277580 5325891 5656397 5656397 1
284865549395 4342355 4342355 4473921 1
5656397 1515472211 1280065859 5656397 2
21322 5656397 1280065859 5656397 2
5918282 4347219 5656397 1280065859 1
23114 1280065859 5262666 5656397 1
21071 5656397 1280065859 5262659 1
4277580 5656397 5656397 1280065859 74
23114 5262659 23114 1280065859 1
5656397 1280065859 21071 5262659 1
1213420880 4347219 5656397 75146145976141 1
5656397 5392467 5262659 23114 1
5262666 5394264 5262666 5656397 2
5656397 4541514 5656397 5394264 1
23114 5262666 5262659 23114 1
5656397 4277580 1280065859 5263182 2
4473921 4410953 4277580 5262659 1
4538954 5262659 23114 379472727885 1
1213420880 4347219 4476481 4277580 1
4347219 5656397 1280065859 5656397 3
5656397 4347219 23114 5656397 1
5262659 23114 5394264 5522770 1
4473921 4473921 5262659 5656397 1
5656397 5656397 1414743380 23114 2
4410953 4473921 5262659 4541514 1
5262666 5394264 5656397 1280065859 2
5656397 5656397 1414743380 99292501986627 1
4277580 99292501986627 1280065859 5262659 1
5656397 5263184 5522770 5263182 2
5656397 5656397 4473921 1280065859 1
4473921 5263184 5522770 5263182 26
4999251 5392467 4473921 5656397 1
1280065859 5262666 5262659 5918282 5
4473921 5656397 5390675 5656397 2
1213420880 4347219 5656397 1414743380 2
5262666 1414743380 379472727885 5656397 1
4347219 4277580 4277580 5656397 1
21071 4277580 1280065859 4476481 2
387995094339 1280065859 5656397 5394264 2
5394264 1280065859 5262666 5263182 1
5918282 5656397 5656397 5262666 5
5656397 4277580 5394264 4277580 1
5656397 5656397 5262666 4347219 1
5394264 4277580 379472727885 4277580 1
5263182 4342355 4342355 5262666 1
5656397 5656397 4347219 4473921 3
5656397 4277580 5656397 5262659 3
5262659 4538698 75146145976141 4473921 1
1280065859 4476481 5656397 5656397 3
5262659 23114 5656397 1414743380 2
4473921 4473921 4473921 4473921 47
5656397 4347219 5656397 5262659 1
5262659 5262666 387861202259 5656397 1
5263182 5262666 4277580 5262666 1
1414743380 23114 4277580 5394264 2
5656397 1280065859 5525065 5262659 1
5656397 4473921 4347219 5918282 25
5656397 1414743380 5918282 5656397 2
5656397 23114 5656397 5262659 1
1280065859 21071 5656397 1280065859 1
1280065859 5656397 5656397 5656397 61
5656397 5656397 4347219 4347219 11
75146145976141 4277580 5656397 4277580 2
1280065859 5394264 5656397 4473921 1
5394264 5262659 4538954 5262659 2
1280065859 5262659 19530 5262659 1
4277580 5656397 379472727885 5656397 1
5918282 4277580 5656397 5262666 1
1414743380 23114 5656397 4473921 1
23114 5656397 1280065859 5262666 7
23114 5262659 23114 5262666 1
5656397 5262659 5918282 379472727885 2
5918282 4277580 5656397 5656397 1
23114 5262666 5656397 5262659 1
5918282 5656397 5656397 5394264 3
5656397 4277580 75146145976141 4473921 2
5656397 4347219 5262659 306390715715 1
5461058 5656397 1280065859 5656397 1
1280065859 5263182 5262666 5263182 7
5656397 1414743380 21322 4277580 1
5656397 5656397 5656397 4342355 1
5656397 5525326 5656397 5656397 1
4473921 5262659 5918282 5394264 1
5262659 306390715715 5656397 4347219 1
5263184 5522770 5394264 5262666 1
5656397 5656397 4473921 5656397 2
5656397 5656397 5262666 5263182 1
327865552195 5262659 23114 5656397 1
5262666 4277580 4277580 5656397 3
23114 1280065859 5656397 5656397 2
5918282 5262666 5262659 5918282 2
5262659 5918282 21071 4277580 1
5262659 5918282 5656397 5262659 9
19530 5656397 5394264 5394264 1
23114 20298 20298 16964 1
5522770 4476481 5262659 5918282 1
1280065859 5656397 4277580 1280065859 3
5656397 5262659 5656397 306390715715 1
5656397 75146145976141 4670798 4473921 1
4476481 5656397 4277580 5394264 2
